B_NE_CLEAN_MOLDINGS | (-65.37, 0.75, -29.37) | (-54.63, 1.72, -18.63)
B_NE_deck | (-65.00, 2.00, -29.00) | (-55.00, 2.00, -19.00)
B_NE_masonry | (-65.05, -0.05, -29.05) | (-54.95, 1.88, -18.95)
B_NE_solid | (-64.95, 0.05, -28.95) | (-55.05, 1.95, -19.05)
B_NW_CLEAN_MOLDINGS | (54.63, 0.75, -29.37) | (65.37, 1.72, -18.63)
B_NW_deck | (55.00, 2.00, -29.00) | (65.00, 2.00, -19.00)
B_NW_masonry | (54.95, -0.05, -29.05) | (65.05, 1.87, -18.95)
B_NW_solid | (55.05, 0.05, -28.95) | (64.95, 1.95, -19.05)
B_SE_CLEAN_MOLDINGS | (-65.37, 0.75, 18.63) | (-54.63, 1.73, 29.37)
B_SE_deck | (-65.00, 2.00, 19.00) | (-55.00, 2.00, 29.00)
B_SE_masonry | (-65.05, -0.05, 18.95) | (-54.95, 1.89, 29.05)
B_SE_solid | (-64.95, 0.05, 19.05) | (-55.05, 1.95, 28.95)
B_SW_CLEAN_MOLDINGS | (54.63, 0.75, 18.63) | (65.37, 1.73, 29.37)
B_SW_deck | (55.00, 2.00, 19.00) | (65.00, 2.00, 29.00)
B_SW_masonry | (54.95, -0.05, 18.95) | (65.05, 1.87, 29.05)
B_SW_solid | (55.05, 0.05, 19.05) | (64.95, 1.95, 28.95)
CORE_BUTTRESS_STONE_COURSES_T7 | (-8.10, 28.03, 9.88) | (8.10, 51.95, 36.36)
CORE_BUTTRESS_STONE_COURSES_T8 | (-8.10, 28.03, -36.37) | (8.10, 51.95, -9.88)
CORE_CAPITAL | (9.03, 52.82, 9.02) | (10.28, 53.17, 10.27)
CORE_CAPITAL.001 | (9.12, 52.32, 9.12) | (10.18, 52.67, 10.17)
CORE_CAPITAL.002 | (9.05, 46.02, 9.05) | (10.25, 46.37, 10.25)
CORE_CAPITAL.003 | (9.03, 52.82, -10.28) | (10.28, 53.17, -9.03)
CORE_CAPITAL.004 | (9.12, 52.32, -10.18) | (10.18, 52.67, -9.13)
CORE_CAPITAL.005 | (9.05, 46.02, -10.25) | (10.25, 46.37, -9.05)
CORE_CAPITAL.006 | (-10.28, 52.82, 9.02) | (-9.03, 53.17, 10.27)
CORE_CAPITAL.007 | (-10.18, 52.32, 9.12) | (-9.12, 52.67, 10.17)
CORE_CAPITAL.008 | (-10.25, 46.02, 9.05) | (-9.05, 46.37, 10.25)
CORE_CAPITAL.009 | (-10.28, 52.82, -10.28) | (-9.03, 53.17, -9.03)
CORE_CAPITAL.010 | (-10.18, 52.32, -10.18) | (-9.12, 52.67, -9.13)
CORE_CAPITAL.011 | (-10.25, 46.02, -10.25) | (-9.05, 46.37, -9.05)
CORE_CLEAN_MOLDINGS | (-10.37, 52.75, -10.37) | (10.37, 53.73, 10.37)
CORE_deck | (-10.00, 54.00, -10.00) | (10.00, 54.00, 10.00)
CORE_DOOR_JAMB | (10.02, 45.90, 1.62) | (10.48, 50.70, 2.17)
CORE_DOOR_JAMB.001 | (10.02, 45.90, -2.18) | (10.48, 50.70, -1.63)
CORE_DOOR_JAMB.002 | (-10.48, 45.90, 1.62) | (-10.02, 50.70, 2.17)
CORE_DOOR_JAMB.003 | (-10.48, 45.90, -2.18) | (-10.02, 50.70, -1.63)
CORE_LINTEL | (9.98, 50.52, -2.25) | (10.63, 51.18, 2.25)
CORE_LINTEL.001 | (-10.63, 50.52, -2.25) | (-9.98, 51.18, 2.25)
CORE_masonry | (-10.05, -0.06, -10.05) | (10.05, 53.89, 10.05)
CORE_PILASTER | (9.23, 45.04, 9.22) | (10.08, 53.68, 10.07)
CORE_PILASTER.001 | (9.23, 45.04, -10.08) | (10.08, 53.68, -9.23)
CORE_PILASTER.002 | (-10.08, 45.04, 9.22) | (-9.23, 53.68, 10.07)
CORE_PILASTER.003 | (-10.08, 45.04, -10.08) | (-9.23, 53.68, -9.23)
CORE_RECESSED_SHRINE | (10.04, 46.20, -1.70) | (10.20, 50.40, 1.70)
CORE_RECESSED_SHRINE.001 | (-10.20, 46.20, -1.70) | (-10.04, 50.40, 1.70)
CORE_SHRINE_CROWN | (9.97, 51.19, -2.25) | (10.57, 51.41, 2.25)
CORE_SHRINE_CROWN.001 | (9.97, 51.43, -1.93) | (10.57, 51.65, 1.92)
CORE_SHRINE_CROWN.002 | (9.97, 51.67, -1.60) | (10.57, 51.89, 1.60)
CORE_SHRINE_CROWN.003 | (-10.57, 51.19, -2.25) | (-9.97, 51.41, 2.25)
CORE_SHRINE_CROWN.004 | (-10.57, 51.43, -1.93) | (-9.97, 51.65, 1.92)
CORE_SHRINE_CROWN.005 | (-10.57, 51.67, -1.60) | (-9.97, 51.89, 1.60)
CORE_solid | (-9.95, 0.05, -9.95) | (9.95, 53.95, 9.95)
CORE_STAIR_SOLID_BUTTRESS_T7 | (-8.00, 0.00, 9.85) | (8.00, 52.56, 36.40)
CORE_STAIR_SOLID_BUTTRESS_T8 | (-8.00, 0.00, -36.40) | (8.00, 52.56, -9.85)
Foundation_160m | (-80.00, -1.20, -80.00) | (80.00, 0.00, 80.00)
L3_NE_CAPITAL | (-19.48, 24.83, -17.48) | (-18.23, 25.18, -16.23)
L3_NE_CAPITAL.001 | (-19.38, 24.33, -17.38) | (-18.33, 24.67, -16.33)
L3_NE_CAPITAL.002 | (-19.45, 18.03, -17.45) | (-18.25, 18.37, -16.25)
L3_NE_CAPITAL.003 | (-19.48, 24.83, -31.78) | (-18.23, 25.17, -30.53)
L3_NE_CAPITAL.004 | (-19.38, 24.32, -31.68) | (-18.33, 24.67, -30.63)
L3_NE_CAPITAL.005 | (-19.45, 18.02, -31.75) | (-18.25, 18.37, -30.55)
L3_NE_CAPITAL.007 | (-32.65, 24.33, -17.38) | (-32.63, 24.33, -17.36)
L3_NE_CAPITAL.008 | (-33.75, 18.03, -17.45) | (-32.55, 18.37, -16.25)
L3_NE_CAPITAL.009 | (-33.78, 24.83, -31.78) | (-32.53, 25.17, -30.53)
L3_NE_CAPITAL.010 | (-33.68, 24.32, -31.68) | (-32.63, 24.67, -30.63)
L3_NE_CAPITAL.011 | (-33.75, 18.02, -31.75) | (-32.55, 18.37, -30.55)
L3_NE_CLEAN_MOLDINGS | (-33.87, 24.75, -31.87) | (-18.13, 25.73, -16.13)
L3_NE_deck | (-33.50, 26.00, -31.50) | (-18.50, 26.00, -16.50)
L3_NE_DOOR_JAMB | (-18.48, 17.90, -22.38) | (-18.02, 22.70, -21.83)
L3_NE_DOOR_JAMB.001 | (-18.48, 17.90, -26.18) | (-18.02, 22.70, -25.63)
L3_NE_DOOR_JAMB.002 | (-33.98, 17.90, -22.38) | (-33.52, 22.70, -21.83)
L3_NE_DOOR_JAMB.003 | (-33.98, 17.90, -26.18) | (-33.52, 22.70, -25.63)
L3_NE_LINTEL | (-18.53, 22.53, -26.25) | (-17.88, 23.17, -21.75)
L3_NE_LINTEL.001 | (-34.13, 22.53, -26.25) | (-33.48, 23.17, -21.75)
L3_NE_masonry | (-33.55, -0.05, -31.55) | (-18.45, 25.89, -16.45)
L3_NE_PILASTER | (-19.28, 17.70, -17.28) | (-18.43, 25.70, -16.43)
L3_NE_PILASTER.001 | (-19.28, 17.70, -31.58) | (-18.43, 25.70, -30.73)
L3_NE_PILASTER.002 | (-33.58, 17.70, -17.28) | (-32.72, 24.24, -16.43)
L3_NE_PILASTER.003 | (-33.58, 17.70, -31.58) | (-32.72, 25.70, -30.73)
L3_NE_RECESSED_SHRINE | (-18.46, 18.20, -25.70) | (-18.30, 22.40, -22.30)
L3_NE_RECESSED_SHRINE.001 | (-33.70, 18.20, -25.70) | (-33.54, 22.40, -22.30)
L3_NE_SHRINE_CROWN | (-18.53, 23.19, -26.25) | (-17.93, 23.41, -21.75)
L3_NE_SHRINE_CROWN.001 | (-18.53, 23.43, -25.93) | (-17.93, 23.65, -22.08)
L3_NE_SHRINE_CROWN.002 | (-18.53, 23.67, -25.60) | (-17.93, 23.89, -22.40)
L3_NE_SHRINE_CROWN.003 | (-34.07, 23.19, -26.25) | (-33.47, 23.41, -21.75)
L3_NE_SHRINE_CROWN.004 | (-34.07, 23.43, -25.93) | (-33.47, 23.65, -22.08)
L3_NE_SHRINE_CROWN.005 | (-34.07, 23.67, -25.60) | (-33.47, 23.89, -22.40)
L3_NE_solid | (-33.45, 0.05, -31.45) | (-18.55, 25.95, -16.55)
L3_NW_CAPITAL.001 | (32.63, 24.33, -17.38) | (32.65, 24.33, -17.36)
L3_NW_CAPITAL.002 | (32.55, 18.03, -17.45) | (33.75, 18.37, -16.25)
L3_NW_CAPITAL.003 | (32.53, 24.83, -31.78) | (33.78, 25.17, -30.53)
L3_NW_CAPITAL.004 | (32.63, 24.32, -31.68) | (33.68, 24.67, -30.63)
L3_NW_CAPITAL.005 | (32.55, 18.02, -31.75) | (33.75, 18.37, -30.55)
L3_NW_CAPITAL.006 | (18.23, 24.83, -17.48) | (19.48, 25.18, -16.23)
L3_NW_CAPITAL.007 | (18.33, 24.33, -17.38) | (19.38, 24.67, -16.33)
L3_NW_CAPITAL.008 | (18.25, 18.03, -17.45) | (19.45, 18.37, -16.25)
L3_NW_CAPITAL.009 | (18.23, 24.83, -31.78) | (19.48, 25.17, -30.53)
L3_NW_CAPITAL.010 | (18.33, 24.32, -31.68) | (19.38, 24.67, -30.63)
L3_NW_CAPITAL.011 | (18.25, 18.02, -31.75) | (19.45, 18.37, -30.55)
L3_NW_CLEAN_MOLDINGS | (18.13, 24.75, -31.87) | (33.87, 25.73, -16.13)
L3_NW_deck | (18.50, 26.00, -31.50) | (33.50, 26.00, -16.50)
L3_NW_DOOR_JAMB | (33.52, 17.90, -22.38) | (33.98, 22.70, -21.83)
L3_NW_DOOR_JAMB.001 | (33.52, 17.90, -26.18) | (33.98, 22.70, -25.63)
L3_NW_DOOR_JAMB.002 | (18.02, 17.90, -22.38) | (18.48, 22.70, -21.83)
L3_NW_DOOR_JAMB.003 | (18.02, 17.90, -26.18) | (18.48, 22.70, -25.63)
L3_NW_LINTEL | (33.48, 22.53, -26.25) | (34.13, 23.17, -21.75)
L3_NW_LINTEL.001 | (17.88, 22.53, -26.25) | (18.53, 23.17, -21.75)
L3_NW_masonry | (18.45, -0.06, -31.55) | (33.55, 25.89, -16.45)
L3_NW_PILASTER | (32.72, 17.70, -17.28) | (33.58, 24.24, -16.43)
L3_NW_PILASTER.001 | (32.72, 17.70, -31.58) | (33.58, 25.70, -30.73)
L3_NW_PILASTER.002 | (18.43, 17.70, -17.28) | (19.28, 25.70, -16.43)
L3_NW_PILASTER.003 | (18.43, 17.70, -31.58) | (19.28, 25.70, -30.73)
L3_NW_RECESSED_SHRINE | (33.54, 18.20, -25.70) | (33.70, 22.40, -22.30)
L3_NW_RECESSED_SHRINE.001 | (18.30, 18.20, -25.70) | (18.46, 22.40, -22.30)
L3_NW_SHRINE_CROWN | (33.47, 23.19, -26.25) | (34.07, 23.41, -21.75)
L3_NW_SHRINE_CROWN.001 | (33.47, 23.43, -25.93) | (34.07, 23.65, -22.08)
L3_NW_SHRINE_CROWN.002 | (33.47, 23.67, -25.60) | (34.07, 23.89, -22.40)
L3_NW_SHRINE_CROWN.003 | (17.93, 23.19, -26.25) | (18.53, 23.41, -21.75)
L3_NW_SHRINE_CROWN.004 | (17.93, 23.43, -25.93) | (18.53, 23.65, -22.08)
L3_NW_SHRINE_CROWN.005 | (17.93, 23.67, -25.60) | (18.53, 23.89, -22.40)
L3_NW_solid | (18.55, 0.05, -31.45) | (33.45, 25.95, -16.55)
L3_SE_CAPITAL | (-19.48, 24.83, 30.52) | (-18.23, 25.18, 31.77)
L3_SE_CAPITAL.001 | (-19.38, 24.33, 30.63) | (-18.33, 24.68, 31.68)
L3_SE_CAPITAL.002 | (-19.45, 18.03, 30.55) | (-18.25, 18.38, 31.75)
L3_SE_CAPITAL.003 | (-19.48, 24.83, 16.22) | (-18.23, 25.18, 17.47)
L3_SE_CAPITAL.004 | (-19.38, 24.33, 16.33) | (-18.33, 24.68, 17.37)
L3_SE_CAPITAL.005 | (-19.45, 18.03, 16.25) | (-18.25, 18.38, 17.45)
L3_SE_CAPITAL.006 | (-33.78, 24.83, 30.52) | (-32.53, 25.18, 31.77)
L3_SE_CAPITAL.007 | (-33.68, 24.33, 30.63) | (-32.63, 24.68, 31.68)
L3_SE_CAPITAL.008 | (-33.75, 18.03, 30.55) | (-32.55, 18.38, 31.75)
L3_SE_CAPITAL.010 | (-32.65, 24.33, 17.36) | (-32.63, 24.33, 17.37)
L3_SE_CAPITAL.011 | (-33.75, 18.03, 16.25) | (-32.55, 18.38, 17.45)
L3_SE_CLEAN_MOLDINGS | (-33.87, 24.75, 16.13) | (-18.13, 25.73, 31.87)
L3_SE_deck | (-33.50, 26.00, 16.50) | (-18.50, 26.00, 31.50)
L3_SE_DOOR_JAMB | (-18.48, 17.90, 25.63) | (-18.02, 22.70, 26.18)
L3_SE_DOOR_JAMB.001 | (-18.48, 17.90, 21.83) | (-18.02, 22.70, 22.38)
L3_SE_DOOR_JAMB.002 | (-33.98, 17.90, 25.63) | (-33.52, 22.70, 26.18)
L3_SE_DOOR_JAMB.003 | (-33.98, 17.90, 21.83) | (-33.52, 22.70, 22.38)
L3_SE_LINTEL | (-18.53, 22.53, 21.75) | (-17.88, 23.18, 26.25)
L3_SE_LINTEL.001 | (-34.13, 22.53, 21.75) | (-33.48, 23.18, 26.25)
L3_SE_masonry | (-33.55, -0.05, 16.45) | (-18.45, 25.89, 31.55)
L3_SE_PILASTER | (-19.28, 17.70, 30.73) | (-18.43, 25.70, 31.58)
L3_SE_PILASTER.001 | (-19.28, 17.70, 16.43) | (-18.43, 25.70, 17.28)
L3_SE_PILASTER.002 | (-33.58, 17.70, 30.73) | (-32.72, 25.70, 31.58)
L3_SE_PILASTER.003 | (-33.58, 17.70, 16.43) | (-32.72, 24.24, 17.28)
L3_SE_RECESSED_SHRINE | (-18.46, 18.20, 22.30) | (-18.30, 22.40, 25.70)
L3_SE_RECESSED_SHRINE.001 | (-33.70, 18.20, 22.30) | (-33.54, 22.40, 25.70)
L3_SE_SHRINE_CROWN | (-18.53, 23.19, 21.75) | (-17.93, 23.41, 26.25)
L3_SE_SHRINE_CROWN.001 | (-18.53, 23.43, 22.08) | (-17.93, 23.65, 25.93)
L3_SE_SHRINE_CROWN.002 | (-18.53, 23.67, 22.40) | (-17.93, 23.89, 25.60)
L3_SE_SHRINE_CROWN.003 | (-34.07, 23.19, 21.75) | (-33.47, 23.41, 26.25)
L3_SE_SHRINE_CROWN.004 | (-34.07, 23.43, 22.08) | (-33.47, 23.65, 25.93)
L3_SE_SHRINE_CROWN.005 | (-34.07, 23.67, 22.40) | (-33.47, 23.89, 25.60)
L3_SE_solid | (-33.45, 0.05, 16.55) | (-18.55, 25.95, 31.45)
L3_SW_CAPITAL | (32.53, 24.83, 30.52) | (33.78, 25.18, 31.77)
L3_SW_CAPITAL.001 | (32.63, 24.33, 30.63) | (33.68, 24.68, 31.68)
L3_SW_CAPITAL.002 | (32.55, 18.03, 30.55) | (33.75, 18.38, 31.75)
L3_SW_CAPITAL.004 | (32.63, 24.33, 17.36) | (32.65, 24.33, 17.37)
L3_SW_CAPITAL.005 | (32.55, 18.03, 16.25) | (33.75, 18.38, 17.45)
L3_SW_CAPITAL.006 | (18.23, 24.83, 30.52) | (19.48, 25.18, 31.77)
L3_SW_CAPITAL.007 | (18.33, 24.33, 30.63) | (19.38, 24.68, 31.68)
L3_SW_CAPITAL.008 | (18.25, 18.03, 30.55) | (19.45, 18.38, 31.75)
L3_SW_CAPITAL.009 | (18.23, 24.83, 16.22) | (19.48, 25.18, 17.47)
L3_SW_CAPITAL.010 | (18.33, 24.33, 16.33) | (19.38, 24.68, 17.37)
L3_SW_CAPITAL.011 | (18.25, 18.03, 16.25) | (19.45, 18.38, 17.45)
L3_SW_CLEAN_MOLDINGS | (18.13, 24.75, 16.13) | (33.87, 25.73, 31.87)
L3_SW_deck | (18.50, 26.00, 16.50) | (33.50, 26.00, 31.50)
L3_SW_DOOR_JAMB | (33.52, 17.90, 25.63) | (33.98, 22.70, 26.18)
L3_SW_DOOR_JAMB.001 | (33.52, 17.90, 21.83) | (33.98, 22.70, 22.38)
L3_SW_DOOR_JAMB.002 | (18.02, 17.90, 25.63) | (18.48, 22.70, 26.18)
L3_SW_DOOR_JAMB.003 | (18.02, 17.90, 21.83) | (18.48, 22.70, 22.38)
L3_SW_LINTEL | (33.48, 22.53, 21.75) | (34.13, 23.18, 26.25)
L3_SW_LINTEL.001 | (17.88, 22.53, 21.75) | (18.53, 23.18, 26.25)
L3_SW_masonry | (18.45, -0.04, 16.45) | (33.55, 25.89, 31.55)
L3_SW_PILASTER | (32.72, 17.70, 30.73) | (33.58, 25.70, 31.58)
L3_SW_PILASTER.001 | (32.72, 17.70, 16.43) | (33.58, 24.24, 17.28)
L3_SW_PILASTER.002 | (18.43, 17.70, 30.73) | (19.28, 25.70, 31.58)
L3_SW_PILASTER.003 | (18.43, 17.70, 16.43) | (19.28, 25.70, 17.28)
L3_SW_RECESSED_SHRINE | (33.54, 18.20, 22.30) | (33.70, 22.40, 25.70)
L3_SW_RECESSED_SHRINE.001 | (18.30, 18.20, 22.30) | (18.46, 22.40, 25.70)
L3_SW_SHRINE_CROWN | (33.47, 23.19, 21.75) | (34.07, 23.41, 26.25)
L3_SW_SHRINE_CROWN.001 | (33.47, 23.43, 22.08) | (34.07, 23.65, 25.93)
L3_SW_SHRINE_CROWN.002 | (33.47, 23.67, 22.40) | (34.07, 23.89, 25.60)
L3_SW_SHRINE_CROWN.003 | (17.93, 23.19, 21.75) | (18.53, 23.41, 26.25)
L3_SW_SHRINE_CROWN.004 | (17.93, 23.43, 22.08) | (18.53, 23.65, 25.93)
L3_SW_SHRINE_CROWN.005 | (17.93, 23.67, 22.40) | (18.53, 23.89, 25.60)
L3_SW_solid | (18.55, 0.05, 16.55) | (33.45, 25.95, 31.45)
OPAQUE_INNER_STONE_SHELL | (-79.98, -1.24, -79.98) | (79.98, 53.96, 79.98)
Outer_wall_stone | (55.01, -0.03, 69.18) | (57.50, 0.81, 70.79)
Outer_wall_stone.001 | (55.00, 0.91, 69.17) | (57.49, 1.75, 70.82)
Outer_wall_stone.002 | (55.01, 1.73, 69.17) | (57.50, 2.56, 70.82)
Outer_wall_stone.003 | (52.50, -0.04, 69.19) | (54.99, 0.76, 70.82)
Outer_wall_stone.004 | (52.51, 0.91, 69.19) | (54.99, 1.74, 70.82)
Outer_wall_stone.005 | (52.51, 1.73, 69.17) | (55.00, 2.58, 70.83)
Outer_wall_stone.006 | (50.00, 0.04, 69.19) | (52.48, 0.89, 70.83)
Outer_wall_stone.007 | (50.01, 0.81, 69.17) | (52.51, 1.66, 70.82)
Outer_wall_stone.008 | (50.02, 1.71, 69.19) | (52.46, 2.56, 70.80)
Outer_wall_stone.009 | (47.54, -0.03, 69.18) | (50.00, 0.81, 70.81)
Outer_wall_stone.010 | (47.50, 0.86, 69.19) | (50.00, 1.70, 70.82)
Outer_wall_stone.011 | (47.50, 1.73, 69.20) | (49.97, 2.56, 70.80)
Outer_wall_stone.012 | (45.00, 0.03, 69.18) | (47.49, 0.86, 70.81)
Outer_wall_stone.013 | (45.02, 0.81, 69.17) | (47.50, 1.66, 70.83)
Outer_wall_stone.014 | (45.00, 1.75, 69.18) | (47.51, 2.58, 70.82)
Outer_wall_stone.015 | (42.51, -0.03, 69.20) | (45.00, 0.81, 70.82)
Outer_wall_stone.016 | (42.51, 0.81, 69.18) | (45.00, 1.64, 70.83)
Outer_wall_stone.017 | (42.50, 1.73, 69.18) | (45.00, 2.57, 70.81)
Outer_wall_stone.018 | (40.00, 0.06, 69.17) | (42.50, 0.90, 70.81)
Outer_wall_stone.019 | (40.01, 0.88, 69.17) | (42.49, 1.73, 70.80)
Outer_wall_stone.020 | (40.00, 1.68, 69.18) | (42.49, 2.51, 70.83)
Outer_wall_stone.021 | (37.50, 0.04, 69.17) | (39.99, 0.85, 70.81)
Outer_wall_stone.022 | (37.50, 0.81, 69.17) | (40.00, 1.63, 70.80)
Outer_wall_stone.023 | (37.50, 1.68, 69.18) | (40.00, 2.52, 70.81)
Outer_wall_stone.024 | (34.99, -0.06, 69.17) | (37.49, 0.78, 70.83)
Outer_wall_stone.025 | (35.00, 0.89, 69.18) | (37.51, 1.71, 70.83)
Outer_wall_stone.026 | (35.00, 1.67, 69.17) | (37.51, 2.50, 70.80)
Outer_wall_stone.027 | (32.51, 0.02, 69.18) | (35.00, 0.87, 70.82)
Outer_wall_stone.028 | (32.53, 0.79, 69.18) | (34.98, 1.63, 70.83)
Outer_wall_stone.029 | (32.50, 1.65, 69.17) | (34.99, 2.50, 70.82)
Outer_wall_stone.030 | (30.01, -0.04, 69.18) | (32.49, 0.81, 70.81)
Outer_wall_stone.031 | (30.03, 0.86, 69.17) | (32.51, 1.71, 70.83)
Outer_wall_stone.032 | (30.03, 1.66, 69.17) | (32.50, 2.51, 70.81)
Outer_wall_stone.033 | (27.50, -0.03, 69.18) | (29.98, 0.81, 70.82)
Outer_wall_stone.034 | (27.50, 0.92, 69.18) | (30.01, 1.74, 70.80)
Outer_wall_stone.035 | (27.49, 1.66, 69.17) | (29.99, 2.49, 70.82)
Outer_wall_stone.036 | (24.99, 0.00, 69.19) | (27.50, 0.83, 70.82)
Outer_wall_stone.037 | (24.99, 0.87, 69.19) | (27.49, 1.69, 70.83)
Outer_wall_stone.038 | (25.00, 1.75, 69.19) | (27.50, 2.59, 70.81)
Outer_wall_stone.039 | (22.52, 0.04, 69.19) | (25.01, 0.89, 70.81)
Outer_wall_stone.040 | (22.51, 0.89, 69.17) | (24.97, 1.71, 70.82)
Outer_wall_stone.041 | (22.49, 1.75, 69.20) | (25.00, 2.57, 70.83)
Outer_wall_stone.042 | (20.01, 0.07, 69.17) | (22.51, 0.89, 70.81)
Outer_wall_stone.043 | (19.99, 0.79, 69.17) | (22.50, 1.64, 70.81)
Outer_wall_stone.044 | (20.01, 1.73, 69.19) | (22.50, 2.57, 70.83)
Outer_wall_stone.045 | (17.51, 0.06, 69.18) | (20.01, 0.88, 70.83)
Outer_wall_stone.046 | (17.51, 0.91, 69.17) | (19.99, 1.76, 70.82)
Outer_wall_stone.047 | (17.50, 1.72, 69.18) | (20.00, 2.55, 70.82)
Outer_wall_stone.048 | (15.00, -0.01, 69.19) | (17.50, 0.84, 70.82)
Outer_wall_stone.049 | (15.01, 0.84, 69.18) | (17.47, 1.69, 70.82)
Outer_wall_stone.050 | (15.00, 1.73, 69.17) | (17.51, 2.58, 70.80)
Outer_wall_stone.051 | (12.50, -0.02, 69.17) | (14.99, 0.82, 70.79)
Outer_wall_stone.052 | (12.51, 0.82, 69.18) | (15.00, 1.67, 70.83)
Outer_wall_stone.053 | (12.51, 1.72, 69.20) | (15.00, 2.54, 70.79)
Outer_wall_stone.054 | (10.01, 0.08, 69.18) | (12.50, 0.90, 70.83)
Outer_wall_stone.055 | (10.00, 0.91, 69.17) | (12.49, 1.77, 70.82)
Outer_wall_stone.056 | (10.00, 1.74, 69.18) | (12.49, 2.57, 70.83)
Outer_wall_stone.057 | (7.49, 0.05, 69.20) | (10.01, 0.88, 70.83)
Outer_wall_stone.058 | (7.50, 0.82, 69.20) | (9.99, 1.67, 70.83)
Outer_wall_stone.059 | (7.53, 1.65, 69.17) | (9.99, 2.49, 70.82)
Outer_wall_stone.060 | (5.00, -0.03, 69.20) | (7.50, 0.80, 70.81)
Outer_wall_stone.061 | (5.01, 0.84, 69.19) | (7.48, 1.67, 70.83)
Outer_wall_stone.062 | (5.01, 1.74, 69.21) | (7.50, 2.58, 70.81)
Outer_wall_stone.063 | (2.49, -0.02, 69.19) | (5.00, 0.83, 70.80)
Outer_wall_stone.064 | (2.53, 0.83, 69.17) | (5.01, 1.66, 70.82)
Outer_wall_stone.065 | (2.51, 1.66, 69.22) | (5.00, 2.50, 70.83)
Outer_wall_stone.066 | (0.00, 0.05, 69.17) | (2.49, 0.89, 70.82)
Outer_wall_stone.067 | (0.01, 0.88, 69.17) | (2.50, 1.72, 70.83)
Outer_wall_stone.068 | (0.00, 1.75, 69.17) | (2.49, 2.60, 70.82)
Outer_wall_stone.069 | (-2.49, 0.02, 69.17) | (0.00, 0.85, 70.83)
Outer_wall_stone.070 | (-2.49, 0.89, 69.17) | (0.01, 1.73, 70.82)
Outer_wall_stone.071 | (-2.50, 1.64, 69.19) | (-0.03, 2.48, 70.83)
Outer_wall_stone.072 | (-4.99, 0.00, 69.17) | (-2.51, 0.84, 70.83)
Outer_wall_stone.073 | (-5.00, 0.87, 69.19) | (-2.53, 1.71, 70.83)
Outer_wall_stone.074 | (-4.97, 1.72, 69.17) | (-2.52, 2.56, 70.80)
Outer_wall_stone.075 | (-7.50, -0.04, 69.18) | (-5.01, 0.81, 70.82)
Outer_wall_stone.076 | (-7.50, 0.83, 69.20) | (-4.99, 1.67, 70.82)
Outer_wall_stone.077 | (-7.49, 1.68, 69.17) | (-5.02, 2.49, 70.83)
Outer_wall_stone.078 | (-9.98, -0.04, 69.17) | (-7.50, 0.78, 70.82)
Outer_wall_stone.079 | (-10.00, 0.80, 69.18) | (-7.49, 1.64, 70.78)
Outer_wall_stone.080 | (-10.00, 1.71, 69.19) | (-7.50, 2.57, 70.82)
Outer_wall_stone.081 | (-12.51, 0.04, 69.20) | (-10.00, 0.89, 70.82)
Outer_wall_stone.082 | (-12.50, 0.85, 69.17) | (-10.01, 1.66, 70.82)
Outer_wall_stone.083 | (-12.48, 1.73, 69.18) | (-10.01, 2.57, 70.83)
Outer_wall_stone.084 | (-14.99, 0.04, 69.20) | (-12.50, 0.87, 70.81)
Outer_wall_stone.085 | (-15.00, 0.91, 69.17) | (-12.52, 1.76, 70.82)
Outer_wall_stone.086 | (-15.01, 1.75, 69.18) | (-12.51, 2.59, 70.80)
Outer_wall_stone.087 | (-17.49, -0.05, 69.19) | (-15.01, 0.78, 70.82)
Outer_wall_stone.088 | (-17.50, 0.80, 69.18) | (-15.01, 1.64, 70.82)
Outer_wall_stone.089 | (-17.48, 1.65, 69.18) | (-15.02, 2.50, 70.83)
Outer_wall_stone.090 | (-20.01, 0.07, 69.18) | (-17.50, 0.89, 70.82)
Outer_wall_stone.091 | (-19.98, 0.83, 69.18) | (-17.52, 1.65, 70.81)
Outer_wall_stone.092 | (-20.00, 1.77, 69.18) | (-17.49, 2.60, 70.82)
Outer_wall_stone.093 | (-22.50, 0.07, 69.19) | (-20.00, 0.90, 70.83)
Outer_wall_stone.094 | (-22.48, 0.88, 69.19) | (-20.00, 1.73, 70.83)
Outer_wall_stone.095 | (-22.51, 1.71, 69.17) | (-20.00, 2.55, 70.83)
Outer_wall_stone.096 | (-25.00, -0.04, 69.18) | (-22.51, 0.80, 70.82)
Outer_wall_stone.097 | (-24.99, 0.89, 69.19) | (-22.51, 1.73, 70.83)
Outer_wall_stone.098 | (-24.99, 1.76, 69.18) | (-22.50, 2.60, 70.81)
Outer_wall_stone.099 | (-27.48, 0.02, 69.17) | (-25.03, 0.86, 70.81)
Outer_wall_stone.100 | (-27.51, 0.89, 69.19) | (-25.00, 1.72, 70.83)
Outer_wall_stone.101 | (-27.49, 1.70, 69.20) | (-24.99, 2.54, 70.82)
Outer_wall_stone.102 | (-29.97, 0.02, 69.18) | (-27.50, 0.86, 70.83)
Outer_wall_stone.103 | (-30.00, 0.92, 69.18) | (-27.53, 1.76, 70.83)
Outer_wall_stone.104 | (-29.97, 1.65, 69.20) | (-27.51, 2.50, 70.80)
Outer_wall_stone.105 | (-32.48, -0.04, 69.18) | (-30.00, 0.79, 70.83)
Outer_wall_stone.106 | (-32.50, 0.84, 69.18) | (-30.02, 1.68, 70.81)
Outer_wall_stone.107 | (-32.50, 1.65, 69.18) | (-30.02, 2.50, 70.81)
Outer_wall_stone.108 | (-35.00, -0.04, 69.19) | (-32.51, 0.79, 70.83)
Outer_wall_stone.109 | (-35.00, 0.83, 69.19) | (-32.53, 1.66, 70.81)
Outer_wall_stone.110 | (-35.00, 1.75, 69.19) | (-32.50, 2.59, 70.79)
Outer_wall_stone.111 | (-37.50, 0.02, 69.20) | (-35.00, 0.85, 70.83)
Outer_wall_stone.112 | (-37.49, 0.92, 69.19) | (-35.00, 1.75, 70.81)
Outer_wall_stone.113 | (-37.51, 1.66, 69.17) | (-34.99, 2.49, 70.82)
Outer_wall_stone.114 | (-39.97, -0.01, 69.21) | (-37.50, 0.84, 70.81)
Outer_wall_stone.115 | (-40.00, 0.88, 69.18) | (-37.52, 1.68, 70.82)
Outer_wall_stone.116 | (-39.98, 1.75, 69.17) | (-37.50, 2.59, 70.79)
Outer_wall_stone.117 | (-42.50, -0.05, 69.18) | (-40.00, 0.78, 70.82)
Outer_wall_stone.118 | (-42.50, 0.84, 69.17) | (-40.00, 1.68, 70.82)
Outer_wall_stone.119 | (-42.50, 1.69, 69.19) | (-40.01, 2.54, 70.83)
Outer_wall_stone.120 | (-44.99, 0.02, 69.18) | (-42.52, 0.86, 70.82)
Outer_wall_stone.121 | (-45.01, 0.90, 69.17) | (-42.50, 1.73, 70.82)
Outer_wall_stone.122 | (-45.01, 1.73, 69.18) | (-42.51, 2.57, 70.82)
Outer_wall_stone.123 | (-47.50, 0.01, 69.18) | (-45.00, 0.84, 70.83)
Outer_wall_stone.124 | (-47.49, 0.87, 69.17) | (-45.00, 1.70, 70.81)
Outer_wall_stone.125 | (-47.48, 1.69, 69.20) | (-45.01, 2.54, 70.81)
Outer_wall_stone.126 | (-50.00, 0.00, 69.17) | (-47.51, 0.82, 70.83)
Outer_wall_stone.127 | (-49.98, 0.79, 69.17) | (-47.51, 1.63, 70.83)
Outer_wall_stone.128 | (-49.99, 1.77, 69.20) | (-47.51, 2.60, 70.81)
Outer_wall_stone.129 | (-52.48, 0.00, 69.17) | (-50.02, 0.85, 70.83)
Outer_wall_stone.130 | (-52.50, 0.80, 69.18) | (-50.00, 1.63, 70.80)
Outer_wall_stone.131 | (-52.49, 1.71, 69.17) | (-50.02, 2.56, 70.83)
Outer_wall_stone.132 | (-55.00, -0.02, 69.18) | (-52.50, 0.84, 70.82)
Outer_wall_stone.133 | (-55.00, 0.86, 69.18) | (-52.52, 1.68, 70.82)
Outer_wall_stone.134 | (-54.96, 1.69, 69.19) | (-52.51, 2.52, 70.83)
Outer_wall_stone.135 | (-57.50, 0.01, 69.17) | (-55.00, 0.84, 70.82)
Outer_wall_stone.136 | (-57.50, 0.87, 69.17) | (-55.00, 1.72, 70.81)
Outer_wall_stone.137 | (-57.50, 1.75, 69.18) | (-55.01, 2.58, 70.79)
Outer_wall_stone.138 | (55.02, 0.04, -70.80) | (57.51, 0.89, -69.18)
Outer_wall_stone.139 | (55.00, 0.86, -70.81) | (57.49, 1.69, -69.17)
Outer_wall_stone.140 | (55.01, 1.68, -70.83) | (57.49, 2.51, -69.19)
Outer_wall_stone.141 | (52.51, 0.02, -70.81) | (54.99, 0.86, -69.19)
Outer_wall_stone.142 | (52.50, 0.83, -70.83) | (55.00, 1.67, -69.19)
Outer_wall_stone.143 | (52.50, 1.69, -70.82) | (55.00, 2.55, -69.17)
Outer_wall_stone.144 | (50.01, 0.01, -70.83) | (52.50, 0.85, -69.18)
Outer_wall_stone.145 | (50.00, 0.83, -70.82) | (52.50, 1.66, -69.17)
Outer_wall_stone.146 | (50.02, 1.74, -70.82) | (52.48, 2.59, -69.18)
Outer_wall_stone.147 | (47.51, -0.04, -70.79) | (50.01, 0.79, -69.18)
Outer_wall_stone.148 | (47.49, 0.90, -70.83) | (50.01, 1.74, -69.17)
Outer_wall_stone.149 | (47.50, 1.65, -70.82) | (49.97, 2.48, -69.18)
Outer_wall_stone.150 | (45.01, -0.05, -70.82) | (47.48, 0.78, -69.20)
Outer_wall_stone.151 | (45.00, 0.92, -70.82) | (47.49, 1.74, -69.18)
Outer_wall_stone.152 | (45.00, 1.69, -70.82) | (47.46, 2.53, -69.19)
Outer_wall_stone.153 | (42.52, 0.01, -70.82) | (44.99, 0.84, -69.19)
Outer_wall_stone.154 | (42.50, 0.92, -70.83) | (44.97, 1.74, -69.17)
Outer_wall_stone.155 | (42.50, 1.65, -70.83) | (44.99, 2.47, -69.19)
Outer_wall_stone.156 | (40.02, 0.05, -70.81) | (42.50, 0.90, -69.17)
Outer_wall_stone.157 | (40.01, 0.89, -70.83) | (42.50, 1.74, -69.17)
Outer_wall_stone.158 | (40.00, 1.69, -70.83) | (42.50, 2.52, -69.19)
Outer_wall_stone.159 | (37.50, -0.05, -70.81) | (40.00, 0.77, -69.20)
Outer_wall_stone.160 | (37.50, 0.82, -70.80) | (39.99, 1.67, -69.17)
Outer_wall_stone.161 | (37.51, 1.76, -70.83) | (39.96, 2.60, -69.17)
Outer_wall_stone.162 | (35.02, 0.00, -70.82) | (37.51, 0.84, -69.19)
Outer_wall_stone.163 | (35.00, 0.82, -70.82) | (37.50, 1.65, -69.17)
Outer_wall_stone.164 | (35.02, 1.72, -70.80) | (37.49, 2.55, -69.18)
Outer_wall_stone.165 | (32.50, 0.06, -70.82) | (34.99, 0.91, -69.18)
Outer_wall_stone.166 | (32.50, 0.82, -70.83) | (34.99, 1.65, -69.18)
Outer_wall_stone.167 | (32.49, 1.70, -70.82) | (35.00, 2.53, -69.18)
Outer_wall_stone.168 | (30.01, 0.03, -70.83) | (32.50, 0.88, -69.19)
Outer_wall_stone.169 | (30.00, 0.89, -70.83) | (32.48, 1.74, -69.17)
Outer_wall_stone.170 | (30.01, 1.73, -70.83) | (32.50, 2.58, -69.19)
Outer_wall_stone.171 | (27.54, -0.05, -70.81) | (29.99, 0.79, -69.19)
Outer_wall_stone.172 | (27.51, 0.85, -70.83) | (29.99, 1.67, -69.17)
Outer_wall_stone.173 | (27.51, 1.74, -70.81) | (30.01, 2.57, -69.19)
Outer_wall_stone.174 | (25.00, 0.02, -70.82) | (27.49, 0.87, -69.18)
Outer_wall_stone.175 | (25.00, 0.91, -70.83) | (27.48, 1.76, -69.18)
Outer_wall_stone.176 | (25.01, 1.70, -70.82) | (27.50, 2.53, -69.17)
Outer_wall_stone.177 | (22.50, 0.05, -70.83) | (24.98, 0.87, -69.18)
Outer_wall_stone.178 | (22.50, 0.87, -70.81) | (24.99, 1.72, -69.18)
Outer_wall_stone.179 | (22.50, 1.66, -70.83) | (25.00, 2.49, -69.20)
Outer_wall_stone.180 | (20.02, 0.00, -70.81) | (22.51, 0.84, -69.18)
Outer_wall_stone.181 | (20.00, 0.84, -70.82) | (22.50, 1.67, -69.21)
Outer_wall_stone.182 | (20.00, 1.65, -70.82) | (22.48, 2.46, -69.18)
Outer_wall_stone.183 | (17.50, 0.01, -70.81) | (20.01, 0.84, -69.17)
Outer_wall_stone.184 | (17.50, 0.88, -70.83) | (20.00, 1.73, -69.18)
Outer_wall_stone.185 | (17.50, 1.65, -70.83) | (20.00, 2.50, -69.19)
Outer_wall_stone.186 | (15.01, 0.00, -70.82) | (17.50, 0.85, -69.18)
Outer_wall_stone.187 | (15.00, 0.81, -70.82) | (17.50, 1.66, -69.19)
Outer_wall_stone.188 | (15.00, 1.74, -70.82) | (17.49, 2.58, -69.18)
Outer_wall_stone.189 | (12.51, -0.03, -70.83) | (15.00, 0.80, -69.17)
Outer_wall_stone.190 | (12.51, 0.83, -70.82) | (15.00, 1.67, -69.19)
Outer_wall_stone.191 | (12.51, 1.64, -70.83) | (15.00, 2.49, -69.18)
Outer_wall_stone.192 | (10.00, 0.01, -70.83) | (12.46, 0.87, -69.18)
Outer_wall_stone.193 | (10.01, 0.83, -70.80) | (12.50, 1.64, -69.17)
Outer_wall_stone.194 | (10.00, 1.65, -70.82) | (12.50, 2.50, -69.20)
Outer_wall_stone.195 | (7.50, 0.02, -70.81) | (10.00, 0.85, -69.19)
Outer_wall_stone.196 | (7.54, 0.82, -70.81) | (10.01, 1.66, -69.19)
Outer_wall_stone.197 | (7.52, 1.67, -70.81) | (9.99, 2.51, -69.18)
Outer_wall_stone.198 | (5.00, -0.03, -70.79) | (7.49, 0.80, -69.17)
Outer_wall_stone.199 | (5.00, 0.82, -70.80) | (7.49, 1.67, -69.18)
Outer_wall_stone.200 | (5.00, 1.73, -70.81) | (7.50, 2.57, -69.18)
Outer_wall_stone.201 | (2.52, 0.00, -70.83) | (5.00, 0.84, -69.18)
Outer_wall_stone.202 | (2.53, 0.85, -70.83) | (5.00, 1.68, -69.18)
Outer_wall_stone.203 | (2.51, 1.69, -70.81) | (5.00, 2.53, -69.19)
Outer_wall_stone.204 | (0.00, 0.03, -70.81) | (2.48, 0.87, -69.17)
Outer_wall_stone.205 | (0.01, 0.82, -70.83) | (2.50, 1.66, -69.18)
Outer_wall_stone.206 | (0.00, 1.70, -70.78) | (2.50, 2.53, -69.17)
Outer_wall_stone.207 | (-2.46, 0.05, -70.82) | (0.00, 0.89, -69.19)
Outer_wall_stone.208 | (-2.49, 0.89, -70.83) | (0.00, 1.74, -69.17)
Outer_wall_stone.209 | (-2.49, 1.64, -70.82) | (-0.02, 2.48, -69.18)
Outer_wall_stone.210 | (-5.00, 0.04, -70.79) | (-2.50, 0.88, -69.17)
Outer_wall_stone.211 | (-4.97, 0.82, -70.81) | (-2.50, 1.67, -69.18)
Outer_wall_stone.212 | (-4.98, 1.65, -70.82) | (-2.50, 2.50, -69.18)
Outer_wall_stone.213 | (-7.48, 0.02, -70.81) | (-5.00, 0.87, -69.20)
Outer_wall_stone.214 | (-7.49, 0.79, -70.82) | (-5.00, 1.63, -69.19)
Outer_wall_stone.215 | (-7.50, 1.75, -70.83) | (-5.00, 2.58, -69.17)
Outer_wall_stone.216 | (-10.00, -0.03, -70.83) | (-7.50, 0.80, -69.18)
Outer_wall_stone.217 | (-10.00, 0.85, -70.82) | (-7.50, 1.69, -69.17)
Outer_wall_stone.218 | (-10.00, 1.76, -70.82) | (-7.50, 2.60, -69.20)
Outer_wall_stone.219 | (-12.47, 0.05, -70.82) | (-10.01, 0.85, -69.21)
Outer_wall_stone.220 | (-12.50, 0.84, -70.83) | (-10.00, 1.69, -69.20)
Outer_wall_stone.221 | (-12.50, 1.65, -70.82) | (-10.00, 2.49, -69.17)
Outer_wall_stone.222 | (-14.98, 0.02, -70.80) | (-12.50, 0.85, -69.17)
Outer_wall_stone.223 | (-14.98, 0.89, -70.80) | (-12.52, 1.73, -69.21)
Outer_wall_stone.224 | (-15.00, 1.66, -70.83) | (-12.54, 2.51, -69.17)
Outer_wall_stone.225 | (-17.48, 0.06, -70.82) | (-15.00, 0.87, -69.18)
Outer_wall_stone.226 | (-17.51, 0.91, -70.82) | (-15.01, 1.75, -69.18)
Outer_wall_stone.227 | (-17.49, 1.65, -70.80) | (-15.03, 2.48, -69.18)
Outer_wall_stone.228 | (-20.00, 0.06, -70.81) | (-17.52, 0.90, -69.18)
Outer_wall_stone.229 | (-20.00, 0.85, -70.83) | (-17.50, 1.69, -69.17)
Outer_wall_stone.230 | (-20.00, 1.67, -70.82) | (-17.51, 2.51, -69.18)
Outer_wall_stone.231 | (-22.49, 0.02, -70.83) | (-20.00, 0.86, -69.18)
Outer_wall_stone.232 | (-22.50, 0.85, -70.82) | (-20.01, 1.70, -69.18)
Outer_wall_stone.233 | (-22.50, 1.67, -70.83) | (-20.00, 2.51, -69.17)
Outer_wall_stone.234 | (-24.99, 0.01, -70.81) | (-22.50, 0.84, -69.20)
Outer_wall_stone.235 | (-24.99, 0.80, -70.82) | (-22.50, 1.63, -69.19)
Outer_wall_stone.236 | (-25.00, 1.74, -70.82) | (-22.50, 2.56, -69.17)
Outer_wall_stone.237 | (-27.50, 0.00, -70.82) | (-25.00, 0.83, -69.20)
Outer_wall_stone.238 | (-27.47, 0.81, -70.83) | (-25.00, 1.64, -69.17)
Outer_wall_stone.239 | (-27.48, 1.71, -70.81) | (-25.00, 2.57, -69.19)
Outer_wall_stone.240 | (-29.98, 0.06, -70.82) | (-27.51, 0.89, -69.17)
Outer_wall_stone.241 | (-29.99, 0.90, -70.82) | (-27.50, 1.73, -69.20)
Outer_wall_stone.242 | (-30.01, 1.67, -70.81) | (-27.49, 2.50, -69.17)
Outer_wall_stone.243 | (-32.50, 0.03, -70.82) | (-29.99, 0.87, -69.17)
Outer_wall_stone.244 | (-32.48, 0.83, -70.83) | (-30.00, 1.63, -69.21)
Outer_wall_stone.245 | (-32.49, 1.75, -70.81) | (-30.01, 2.60, -69.18)
Outer_wall_stone.246 | (-34.99, 0.04, -70.83) | (-32.53, 0.88, -69.18)
Outer_wall_stone.247 | (-34.97, 0.85, -70.83) | (-32.52, 1.70, -69.19)
Outer_wall_stone.248 | (-34.99, 1.71, -70.83) | (-32.50, 2.56, -69.17)
Outer_wall_stone.249 | (-37.48, 0.03, -70.81) | (-35.00, 0.85, -69.17)
Outer_wall_stone.250 | (-37.49, 0.82, -70.82) | (-35.00, 1.67, -69.18)
Outer_wall_stone.251 | (-37.49, 1.67, -70.81) | (-35.01, 2.51, -69.17)
Outer_wall_stone.252 | (-40.00, 0.01, -70.83) | (-37.49, 0.85, -69.20)
Outer_wall_stone.253 | (-40.00, 0.81, -70.83) | (-37.50, 1.64, -69.19)
Outer_wall_stone.254 | (-40.00, 1.68, -70.80) | (-37.50, 2.48, -69.17)
Outer_wall_stone.255 | (-42.49, 0.03, -70.81) | (-40.01, 0.88, -69.17)
Outer_wall_stone.256 | (-42.49, 0.91, -70.83) | (-40.02, 1.76, -69.18)
Outer_wall_stone.257 | (-42.50, 1.73, -70.79) | (-40.00, 2.56, -69.18)
Outer_wall_stone.258 | (-45.01, 0.02, -70.81) | (-42.52, 0.86, -69.17)
Outer_wall_stone.259 | (-44.97, 0.90, -70.81) | (-42.50, 1.75, -69.20)
Outer_wall_stone.260 | (-45.01, 1.66, -70.83) | (-42.50, 2.49, -69.18)
Outer_wall_stone.261 | (-47.48, -0.05, -70.82) | (-45.01, 0.80, -69.18)
Outer_wall_stone.262 | (-47.48, 0.90, -70.82) | (-45.00, 1.72, -69.17)
Outer_wall_stone.263 | (-47.49, 1.75, -70.80) | (-45.01, 2.59, -69.20)
Outer_wall_stone.264 | (-50.00, -0.01, -70.82) | (-47.50, 0.82, -69.19)
Outer_wall_stone.265 | (-49.98, 0.91, -70.82) | (-47.51, 1.75, -69.18)
Outer_wall_stone.266 | (-50.00, 1.76, -70.80) | (-47.50, 2.61, -69.17)
Outer_wall_stone.267 | (-52.50, 0.00, -70.83) | (-50.00, 0.83, -69.17)
Outer_wall_stone.268 | (-52.51, 0.84, -70.83) | (-50.00, 1.68, -69.20)
Outer_wall_stone.269 | (-52.50, 1.68, -70.81) | (-50.01, 2.52, -69.20)
Outer_wall_stone.270 | (-55.00, 0.06, -70.82) | (-52.52, 0.86, -69.17)
Outer_wall_stone.271 | (-54.99, 0.85, -70.81) | (-52.51, 1.69, -69.18)
Outer_wall_stone.272 | (-54.99, 1.73, -70.82) | (-52.53, 2.59, -69.17)
Outer_wall_stone.273 | (-57.48, 0.01, -70.78) | (-55.00, 0.84, -69.18)
Outer_wall_stone.274 | (-57.48, 0.80, -70.80) | (-55.04, 1.65, -69.17)
Outer_wall_stone.275 | (-57.50, 1.71, -70.81) | (-54.99, 2.55, -69.17)
Outer_wall_stone.276 | (69.19, 0.04, 55.01) | (70.82, 0.88, 57.50)
Outer_wall_stone.277 | (69.17, 0.84, 55.02) | (70.83, 1.69, 57.46)
Outer_wall_stone.278 | (69.17, 1.65, 55.02) | (70.82, 2.48, 57.51)
Outer_wall_stone.279 | (69.17, 0.03, 52.53) | (70.82, 0.87, 55.00)
Outer_wall_stone.280 | (69.17, 0.82, 52.51) | (70.83, 1.65, 55.00)
Outer_wall_stone.281 | (69.18, 1.67, 52.49) | (70.82, 2.52, 55.00)
Outer_wall_stone.282 | (69.17, 0.00, 50.00) | (70.80, 0.83, 52.50)
Outer_wall_stone.283 | (69.18, 0.80, 50.00) | (70.83, 1.66, 52.50)
Outer_wall_stone.284 | (69.17, 1.70, 50.00) | (70.82, 2.55, 52.47)
Outer_wall_stone.285 | (69.17, 0.06, 47.54) | (70.81, 0.90, 50.00)
Outer_wall_stone.286 | (69.18, 0.89, 47.50) | (70.83, 1.74, 50.00)
Outer_wall_stone.287 | (69.18, 1.67, 47.50) | (70.81, 2.49, 50.00)
Outer_wall_stone.288 | (69.17, -0.02, 45.01) | (70.82, 0.83, 47.50)
Outer_wall_stone.289 | (69.17, 0.91, 45.00) | (70.82, 1.75, 47.50)
Outer_wall_stone.290 | (69.18, 1.65, 45.00) | (70.82, 2.50, 47.49)
Outer_wall_stone.291 | (69.18, 0.05, 42.53) | (70.80, 0.88, 44.99)
Outer_wall_stone.292 | (69.18, 0.86, 42.51) | (70.81, 1.70, 45.00)
Outer_wall_stone.293 | (69.17, 1.72, 42.51) | (70.83, 2.57, 45.01)
Outer_wall_stone.294 | (69.17, -0.03, 40.02) | (70.83, 0.81, 42.50)
Outer_wall_stone.295 | (69.17, 0.88, 40.00) | (70.81, 1.73, 42.50)
Outer_wall_stone.296 | (69.17, 1.67, 40.01) | (70.82, 2.52, 42.50)
Outer_wall_stone.297 | (69.17, -0.02, 37.49) | (70.83, 0.83, 39.98)
Outer_wall_stone.298 | (69.17, 0.86, 37.50) | (70.77, 1.69, 39.98)
Outer_wall_stone.299 | (69.18, 1.69, 37.50) | (70.83, 2.54, 40.00)
Outer_wall_stone.300 | (69.18, 0.00, 35.04) | (70.81, 0.83, 37.48)
Outer_wall_stone.301 | (69.17, 0.84, 35.01) | (70.83, 1.67, 37.47)
Outer_wall_stone.302 | (69.17, 1.73, 35.00) | (70.80, 2.54, 37.48)
Outer_wall_stone.303 | (69.18, -0.01, 32.51) | (70.82, 0.83, 34.98)
Outer_wall_stone.304 | (69.18, 0.82, 32.49) | (70.81, 1.66, 35.00)
Outer_wall_stone.305 | (69.18, 1.68, 32.50) | (70.82, 2.52, 35.01)
Outer_wall_stone.306 | (69.17, 0.05, 30.00) | (70.80, 0.90, 32.51)
Outer_wall_stone.307 | (69.17, 0.79, 30.03) | (70.82, 1.64, 32.50)
Outer_wall_stone.308 | (69.18, 1.68, 30.01) | (70.82, 2.53, 32.50)
Outer_wall_stone.309 | (69.18, 0.02, 27.50) | (70.80, 0.85, 30.00)
Outer_wall_stone.310 | (69.17, 0.82, 27.50) | (70.82, 1.67, 29.99)
Outer_wall_stone.311 | (69.17, 1.74, 27.50) | (70.83, 2.58, 29.98)
Outer_wall_stone.312 | (69.21, -0.02, 25.04) | (70.83, 0.81, 27.47)
Outer_wall_stone.313 | (69.18, 0.90, 25.00) | (70.81, 1.74, 27.50)
Outer_wall_stone.314 | (69.17, 1.73, 25.01) | (70.82, 2.56, 27.50)
Outer_wall_stone.315 | (69.19, 0.00, 22.51) | (70.83, 0.85, 25.00)
Outer_wall_stone.316 | (69.17, 0.82, 22.50) | (70.83, 1.66, 24.99)
Outer_wall_stone.317 | (69.20, 1.72, 22.50) | (70.80, 2.54, 25.00)
Outer_wall_stone.318 | (69.20, -0.02, 20.01) | (70.82, 0.81, 22.49)
Outer_wall_stone.319 | (69.21, 0.87, 19.99) | (70.83, 1.70, 22.50)
Outer_wall_stone.320 | (69.18, 1.64, 20.01) | (70.81, 2.48, 22.49)
Outer_wall_stone.321 | (69.17, 0.01, 17.50) | (70.83, 0.85, 19.96)
Outer_wall_stone.322 | (69.18, 0.86, 17.53) | (70.79, 1.70, 19.99)
Outer_wall_stone.323 | (69.17, 1.69, 17.51) | (70.83, 2.51, 20.01)
Outer_wall_stone.324 | (69.19, -0.03, 15.01) | (70.78, 0.81, 17.49)
Outer_wall_stone.325 | (69.17, 0.81, 15.00) | (70.80, 1.64, 17.49)
Outer_wall_stone.326 | (69.18, 1.69, 14.99) | (70.82, 2.54, 17.50)
Outer_wall_stone.327 | (69.18, -0.03, 12.50) | (70.83, 0.83, 15.00)
Outer_wall_stone.328 | (69.17, 0.83, 12.51) | (70.82, 1.67, 14.99)
Outer_wall_stone.329 | (69.20, 1.71, 12.51) | (70.83, 2.55, 15.00)
Outer_wall_stone.330 | (69.18, -0.03, 10.00) | (70.82, 0.81, 12.50)
Outer_wall_stone.331 | (69.17, 0.92, 10.02) | (70.81, 1.73, 12.50)
Outer_wall_stone.332 | (69.18, 1.77, 10.00) | (70.82, 2.59, 12.47)
Outer_wall_stone.333 | (69.19, 0.05, 7.50) | (70.81, 0.89, 9.99)
Outer_wall_stone.334 | (69.17, 0.91, 7.52) | (70.78, 1.76, 9.99)
Outer_wall_stone.335 | (69.17, 1.69, 7.53) | (70.82, 2.53, 9.99)
Outer_wall_stone.336 | (69.18, 0.00, 5.00) | (70.80, 0.85, 7.50)
Outer_wall_stone.337 | (69.18, 0.80, 5.00) | (70.81, 1.64, 7.49)
Outer_wall_stone.338 | (69.17, 1.71, 5.00) | (70.82, 2.53, 7.49)
Outer_wall_stone.339 | (69.19, 0.01, 2.52) | (70.81, 0.84, 4.98)
Outer_wall_stone.340 | (69.17, 0.90, 2.51) | (70.81, 1.75, 4.98)
Outer_wall_stone.341 | (69.18, 1.70, 2.53) | (70.81, 2.52, 5.00)
Outer_wall_stone.342 | (69.21, -0.04, 0.03) | (70.83, 0.81, 2.47)
Outer_wall_stone.343 | (69.17, 0.83, 0.02) | (70.82, 1.65, 2.49)
Outer_wall_stone.344 | (69.17, 1.72, 0.02) | (70.81, 2.56, 2.50)
Outer_wall_stone.345 | (69.19, 0.06, -2.50) | (70.82, 0.90, -0.02)
Outer_wall_stone.346 | (69.19, 0.91, -2.50) | (70.81, 1.75, -0.01)
Outer_wall_stone.347 | (69.18, 1.67, -2.50) | (70.81, 2.51, 0.00)
Outer_wall_stone.348 | (69.18, -0.01, -5.01) | (70.79, 0.81, -2.52)
Outer_wall_stone.349 | (69.19, 0.89, -5.01) | (70.83, 1.70, -2.51)
Outer_wall_stone.350 | (69.17, 1.72, -4.99) | (70.81, 2.52, -2.50)
Outer_wall_stone.351 | (69.17, 0.02, -7.46) | (70.82, 0.88, -5.01)
Outer_wall_stone.352 | (69.18, 0.90, -7.49) | (70.80, 1.74, -5.01)
Outer_wall_stone.353 | (69.17, 1.68, -7.47) | (70.82, 2.52, -5.01)
Outer_wall_stone.354 | (69.17, -0.02, -9.97) | (70.83, 0.82, -7.50)
Outer_wall_stone.355 | (69.19, 0.89, -9.98) | (70.82, 1.74, -7.52)
Outer_wall_stone.356 | (69.18, 1.67, -9.97) | (70.79, 2.52, -7.51)
Outer_wall_stone.357 | (69.18, 0.03, -12.47) | (70.81, 0.86, -10.02)
Outer_wall_stone.358 | (69.18, 0.86, -12.50) | (70.82, 1.71, -10.00)
Outer_wall_stone.359 | (69.18, 1.76, -12.50) | (70.81, 2.58, -10.00)
Outer_wall_stone.360 | (69.17, -0.06, -14.98) | (70.81, 0.78, -12.51)
Outer_wall_stone.361 | (69.20, 0.83, -15.01) | (70.82, 1.67, -12.50)
Outer_wall_stone.362 | (69.20, 1.70, -15.00) | (70.83, 2.52, -12.50)
Outer_wall_stone.363 | (69.17, 0.00, -17.50) | (70.80, 0.84, -15.02)
Outer_wall_stone.364 | (69.19, 0.80, -17.50) | (70.82, 1.65, -15.02)
Outer_wall_stone.365 | (69.18, 1.76, -17.49) | (70.80, 2.59, -14.99)
Outer_wall_stone.366 | (69.18, -0.06, -19.99) | (70.82, 0.75, -17.50)
Outer_wall_stone.367 | (69.18, 0.91, -19.99) | (70.83, 1.75, -17.49)
Outer_wall_stone.368 | (69.19, 1.72, -20.00) | (70.80, 2.55, -17.51)
Outer_wall_stone.369 | (69.17, 0.01, -22.49) | (70.82, 0.85, -20.00)
Outer_wall_stone.370 | (69.17, 0.82, -22.48) | (70.81, 1.66, -20.01)
Outer_wall_stone.371 | (69.18, 1.76, -22.49) | (70.80, 2.58, -20.00)
Outer_wall_stone.372 | (69.18, 0.04, -25.00) | (70.81, 0.89, -22.49)
Outer_wall_stone.373 | (69.19, 0.87, -25.01) | (70.83, 1.68, -22.50)
Outer_wall_stone.374 | (69.18, 1.73, -24.99) | (70.82, 2.58, -22.52)
Outer_wall_stone.375 | (69.17, 0.00, -27.50) | (70.82, 0.82, -25.01)
Outer_wall_stone.376 | (69.17, 0.87, -27.49) | (70.82, 1.71, -25.02)
Outer_wall_stone.377 | (69.18, 1.73, -27.49) | (70.82, 2.57, -25.00)
Outer_wall_stone.378 | (69.17, 0.05, -29.98) | (70.82, 0.88, -27.52)
Outer_wall_stone.379 | (69.18, 0.92, -30.00) | (70.81, 1.75, -27.51)
Outer_wall_stone.380 | (69.17, 1.78, -30.00) | (70.81, 2.60, -27.49)
Outer_wall_stone.381 | (69.17, -0.05, -32.48) | (70.82, 0.79, -30.00)
Outer_wall_stone.382 | (69.19, 0.88, -32.50) | (70.81, 1.71, -30.01)
Outer_wall_stone.383 | (69.18, 1.64, -32.50) | (70.81, 2.48, -30.01)
Outer_wall_stone.384 | (69.18, 0.03, -35.00) | (70.81, 0.88, -32.50)
Outer_wall_stone.385 | (69.20, 0.87, -35.01) | (70.83, 1.68, -32.50)
Outer_wall_stone.386 | (69.22, 1.75, -35.00) | (70.83, 2.59, -32.49)
Outer_wall_stone.387 | (69.18, -0.05, -37.48) | (70.83, 0.78, -35.03)
Outer_wall_stone.388 | (69.17, 0.86, -37.48) | (70.83, 1.68, -35.02)
Outer_wall_stone.389 | (69.18, 1.74, -37.51) | (70.83, 2.57, -35.00)
Outer_wall_stone.390 | (69.18, -0.02, -39.97) | (70.83, 0.80, -37.50)
Outer_wall_stone.391 | (69.17, 0.86, -40.00) | (70.83, 1.68, -37.50)
Outer_wall_stone.392 | (69.18, 1.68, -40.00) | (70.83, 2.53, -37.50)
Outer_wall_stone.393 | (69.20, 0.05, -42.50) | (70.82, 0.90, -40.01)
Outer_wall_stone.394 | (69.18, 0.92, -42.49) | (70.83, 1.76, -40.00)
Outer_wall_stone.395 | (69.17, 1.66, -42.50) | (70.82, 2.50, -40.00)
Outer_wall_stone.396 | (69.20, 0.07, -44.99) | (70.81, 0.89, -42.50)
Outer_wall_stone.397 | (69.21, 0.80, -45.00) | (70.82, 1.63, -42.50)
Outer_wall_stone.398 | (69.17, 1.69, -45.00) | (70.82, 2.54, -42.51)
Outer_wall_stone.399 | (69.18, -0.03, -47.49) | (70.82, 0.79, -45.00)
Outer_wall_stone.400 | (69.17, 0.90, -47.49) | (70.79, 1.72, -45.02)
Outer_wall_stone.401 | (69.18, 1.69, -47.50) | (70.82, 2.52, -45.01)
Outer_wall_stone.402 | (69.19, 0.09, -49.98) | (70.83, 0.90, -47.50)
Outer_wall_stone.403 | (69.21, 0.84, -49.98) | (70.82, 1.68, -47.50)
Outer_wall_stone.404 | (69.17, 1.71, -49.98) | (70.82, 2.55, -47.53)
Outer_wall_stone.405 | (69.19, 0.02, -52.50) | (70.82, 0.87, -50.02)
Outer_wall_stone.406 | (69.17, 0.85, -52.49) | (70.83, 1.70, -50.02)
Outer_wall_stone.407 | (69.18, 1.71, -52.51) | (70.82, 2.55, -50.02)
Outer_wall_stone.408 | (69.19, -0.04, -55.00) | (70.80, 0.81, -52.50)
Outer_wall_stone.409 | (69.18, 0.89, -54.98) | (70.82, 1.75, -52.50)
Outer_wall_stone.410 | (69.17, 1.68, -54.98) | (70.82, 2.52, -52.50)
Outer_wall_stone.411 | (69.17, -0.03, -57.50) | (70.83, 0.79, -55.01)
Outer_wall_stone.412 | (69.18, 0.85, -57.49) | (70.81, 1.70, -55.01)
Outer_wall_stone.413 | (69.18, 1.68, -57.48) | (70.83, 2.52, -55.02)
Outer_wall_stone.414 | (-70.83, 0.00, 55.01) | (-69.17, 0.84, 57.50)
Outer_wall_stone.415 | (-70.80, 0.92, 55.03) | (-69.17, 1.74, 57.48)
Outer_wall_stone.416 | (-70.81, 1.68, 55.00) | (-69.17, 2.52, 57.50)
Outer_wall_stone.417 | (-70.83, -0.01, 52.50) | (-69.18, 0.83, 54.99)
Outer_wall_stone.418 | (-70.83, 0.81, 52.50) | (-69.18, 1.66, 55.01)
Outer_wall_stone.419 | (-70.82, 1.64, 52.50) | (-69.18, 2.49, 54.97)
Outer_wall_stone.420 | (-70.81, -0.02, 49.99) | (-69.18, 0.83, 52.50)
Outer_wall_stone.421 | (-70.82, 0.91, 50.01) | (-69.17, 1.74, 52.50)
Outer_wall_stone.422 | (-70.83, 1.67, 50.02) | (-69.17, 2.50, 52.49)
Outer_wall_stone.423 | (-70.83, -0.02, 47.49) | (-69.18, 0.81, 49.97)
Outer_wall_stone.424 | (-70.81, 0.80, 47.49) | (-69.18, 1.64, 49.98)
Outer_wall_stone.425 | (-70.82, 1.73, 47.50) | (-69.17, 2.59, 49.99)
Outer_wall_stone.426 | (-70.80, -0.02, 45.00) | (-69.18, 0.84, 47.50)
Outer_wall_stone.427 | (-70.80, 0.89, 45.02) | (-69.19, 1.72, 47.48)
Outer_wall_stone.428 | (-70.83, 1.74, 45.02) | (-69.17, 2.57, 47.50)
Outer_wall_stone.429 | (-70.79, -0.03, 42.50) | (-69.17, 0.81, 45.00)
Outer_wall_stone.430 | (-70.83, 0.82, 42.50) | (-69.19, 1.66, 45.00)
Outer_wall_stone.431 | (-70.82, 1.68, 42.50) | (-69.18, 2.53, 44.98)
Outer_wall_stone.432 | (-70.81, -0.04, 40.00) | (-69.19, 0.80, 42.51)
Outer_wall_stone.433 | (-70.82, 0.92, 40.01) | (-69.20, 1.77, 42.50)
Outer_wall_stone.434 | (-70.83, 1.65, 40.01) | (-69.18, 2.47, 42.50)
Outer_wall_stone.435 | (-70.83, 0.04, 37.50) | (-69.19, 0.88, 39.98)
Outer_wall_stone.436 | (-70.82, 0.83, 37.50) | (-69.17, 1.69, 39.98)
Outer_wall_stone.437 | (-70.80, 1.65, 37.50) | (-69.21, 2.48, 40.01)
Outer_wall_stone.438 | (-70.81, 0.06, 35.00) | (-69.18, 0.91, 37.46)
Outer_wall_stone.439 | (-70.82, 0.87, 35.02) | (-69.17, 1.71, 37.50)
Outer_wall_stone.440 | (-70.83, 1.66, 35.01) | (-69.18, 2.50, 37.50)
Outer_wall_stone.441 | (-70.82, 0.03, 32.52) | (-69.19, 0.87, 35.00)
Outer_wall_stone.442 | (-70.82, 0.93, 32.53) | (-69.18, 1.76, 35.00)
Outer_wall_stone.443 | (-70.82, 1.66, 32.50) | (-69.18, 2.49, 35.01)
Outer_wall_stone.444 | (-70.82, -0.01, 30.00) | (-69.18, 0.85, 32.50)
Outer_wall_stone.445 | (-70.82, 0.93, 30.00) | (-69.19, 1.76, 32.50)
Outer_wall_stone.446 | (-70.83, 1.69, 30.00) | (-69.20, 2.53, 32.49)
Outer_wall_stone.447 | (-70.81, -0.05, 27.51) | (-69.17, 0.78, 29.98)
Outer_wall_stone.448 | (-70.81, 0.82, 27.50) | (-69.18, 1.67, 30.00)
Outer_wall_stone.449 | (-70.83, 1.73, 27.51) | (-69.18, 2.54, 29.97)
Outer_wall_stone.450 | (-70.82, 0.02, 25.01) | (-69.18, 0.86, 27.48)
Outer_wall_stone.451 | (-70.82, 0.83, 25.02) | (-69.20, 1.68, 27.50)
Outer_wall_stone.452 | (-70.82, 1.67, 25.03) | (-69.17, 2.50, 27.50)
Outer_wall_stone.453 | (-70.83, -0.03, 22.49) | (-69.17, 0.79, 25.00)
Outer_wall_stone.454 | (-70.83, 0.91, 22.50) | (-69.19, 1.74, 25.00)
Outer_wall_stone.455 | (-70.79, 1.70, 22.50) | (-69.19, 2.54, 24.99)
Outer_wall_stone.456 | (-70.81, -0.02, 20.01) | (-69.20, 0.83, 22.50)
Outer_wall_stone.457 | (-70.81, 0.86, 20.02) | (-69.17, 1.69, 22.47)
Outer_wall_stone.458 | (-70.83, 1.70, 20.01) | (-69.18, 2.53, 22.50)
Outer_wall_stone.459 | (-70.82, 0.05, 17.50) | (-69.18, 0.89, 19.99)
Outer_wall_stone.460 | (-70.79, 0.80, 17.51) | (-69.17, 1.64, 20.00)
Outer_wall_stone.461 | (-70.81, 1.73, 17.54) | (-69.17, 2.58, 19.99)
Outer_wall_stone.462 | (-70.81, 0.06, 15.01) | (-69.22, 0.90, 17.50)
Outer_wall_stone.463 | (-70.81, 0.93, 14.99) | (-69.18, 1.73, 17.50)
Outer_wall_stone.464 | (-70.81, 1.64, 15.03) | (-69.17, 2.47, 17.50)
Outer_wall_stone.465 | (-70.82, 0.01, 12.52) | (-69.21, 0.85, 15.00)
Outer_wall_stone.466 | (-70.83, 0.87, 12.53) | (-69.17, 1.72, 14.99)
Outer_wall_stone.467 | (-70.82, 1.72, 12.52) | (-69.19, 2.56, 14.99)
Outer_wall_stone.468 | (-70.82, 0.00, 10.01) | (-69.18, 0.85, 12.50)
Outer_wall_stone.469 | (-70.83, 0.81, 10.00) | (-69.18, 1.65, 12.49)
Outer_wall_stone.470 | (-70.81, 1.67, 10.01) | (-69.18, 2.51, 12.50)
Outer_wall_stone.471 | (-70.82, -0.01, 7.51) | (-69.18, 0.84, 9.98)
Outer_wall_stone.472 | (-70.82, 0.83, 7.52) | (-69.17, 1.68, 9.98)
Outer_wall_stone.473 | (-70.81, 1.76, 7.50) | (-69.17, 2.61, 9.99)
Outer_wall_stone.474 | (-70.80, -0.03, 5.01) | (-69.19, 0.80, 7.50)
Outer_wall_stone.475 | (-70.82, 0.91, 5.00) | (-69.19, 1.76, 7.48)
Outer_wall_stone.476 | (-70.83, 1.68, 4.99) | (-69.18, 2.52, 7.49)
Outer_wall_stone.477 | (-70.82, 0.05, 2.52) | (-69.18, 0.87, 5.00)
Outer_wall_stone.478 | (-70.80, 0.80, 2.51) | (-69.17, 1.64, 5.00)
Outer_wall_stone.479 | (-70.83, 1.76, 2.52) | (-69.19, 2.58, 4.99)
Outer_wall_stone.480 | (-70.81, 0.03, 0.00) | (-69.17, 0.86, 2.50)
Outer_wall_stone.481 | (-70.82, 0.81, -0.01) | (-69.17, 1.63, 2.51)
Outer_wall_stone.482 | (-70.83, 1.71, 0.01) | (-69.18, 2.56, 2.49)
Outer_wall_stone.483 | (-70.82, 0.06, -2.50) | (-69.18, 0.90, 0.00)
Outer_wall_stone.484 | (-70.81, 0.84, -2.50) | (-69.17, 1.67, 0.01)
Outer_wall_stone.485 | (-70.82, 1.74, -2.49) | (-69.18, 2.57, -0.02)
Outer_wall_stone.486 | (-70.83, 0.07, -5.00) | (-69.18, 0.91, -2.53)
Outer_wall_stone.487 | (-70.83, 0.88, -4.99) | (-69.18, 1.69, -2.50)
Outer_wall_stone.488 | (-70.82, 1.73, -5.01) | (-69.18, 2.57, -2.52)
Outer_wall_stone.489 | (-70.82, 0.01, -7.49) | (-69.17, 0.84, -5.03)
Outer_wall_stone.490 | (-70.81, 0.82, -7.50) | (-69.17, 1.65, -5.00)
Outer_wall_stone.491 | (-70.82, 1.65, -7.51) | (-69.17, 2.47, -5.02)
Outer_wall_stone.492 | (-70.81, 0.06, -10.00) | (-69.17, 0.88, -7.53)
Outer_wall_stone.493 | (-70.81, 0.84, -10.01) | (-69.17, 1.67, -7.51)
Outer_wall_stone.494 | (-70.83, 1.71, -10.00) | (-69.21, 2.54, -7.52)
Outer_wall_stone.495 | (-70.81, 0.06, -12.51) | (-69.20, 0.91, -10.00)
Outer_wall_stone.496 | (-70.83, 0.82, -12.50) | (-69.18, 1.66, -10.01)
Outer_wall_stone.497 | (-70.83, 1.77, -12.48) | (-69.17, 2.61, -9.99)
Outer_wall_stone.498 | (-70.80, 0.05, -15.00) | (-69.18, 0.90, -12.50)
Outer_wall_stone.499 | (-70.80, 0.89, -15.01) | (-69.18, 1.73, -12.50)
Outer_wall_stone.500 | (-70.81, 1.73, -14.99) | (-69.19, 2.58, -12.50)
Outer_wall_stone.501 | (-70.82, -0.03, -17.49) | (-69.18, 0.79, -15.00)
Outer_wall_stone.502 | (-70.80, 0.81, -17.47) | (-69.18, 1.66, -15.01)
Outer_wall_stone.503 | (-70.82, 1.76, -17.48) | (-69.17, 2.61, -15.05)
Outer_wall_stone.504 | (-70.82, -0.05, -19.99) | (-69.17, 0.79, -17.50)
Outer_wall_stone.505 | (-70.83, 0.89, -19.99) | (-69.20, 1.75, -17.51)
Outer_wall_stone.506 | (-70.81, 1.74, -19.99) | (-69.17, 2.58, -17.50)
Outer_wall_stone.507 | (-70.83, 0.07, -22.47) | (-69.18, 0.90, -20.00)
Outer_wall_stone.508 | (-70.81, 0.80, -22.48) | (-69.18, 1.64, -20.01)
Outer_wall_stone.509 | (-70.81, 1.71, -22.49) | (-69.19, 2.54, -20.00)
Outer_wall_stone.510 | (-70.83, -0.02, -25.00) | (-69.17, 0.84, -22.52)
Outer_wall_stone.511 | (-70.83, 0.81, -24.99) | (-69.19, 1.66, -22.51)
Outer_wall_stone.512 | (-70.82, 1.67, -25.00) | (-69.21, 2.52, -22.50)
Outer_wall_stone.513 | (-70.82, 0.06, -27.51) | (-69.18, 0.89, -25.03)
Outer_wall_stone.514 | (-70.80, 0.89, -27.51) | (-69.17, 1.73, -25.00)
Outer_wall_stone.515 | (-70.83, 1.69, -27.50) | (-69.17, 2.52, -25.01)
Outer_wall_stone.516 | (-70.80, 0.00, -30.01) | (-69.18, 0.82, -27.50)
Outer_wall_stone.517 | (-70.80, 0.83, -29.97) | (-69.17, 1.67, -27.52)
Outer_wall_stone.518 | (-70.83, 1.67, -30.00) | (-69.17, 2.52, -27.50)
Outer_wall_stone.519 | (-70.82, -0.04, -32.50) | (-69.17, 0.79, -30.01)
Outer_wall_stone.520 | (-70.80, 0.88, -32.51) | (-69.18, 1.71, -30.01)
Outer_wall_stone.521 | (-70.82, 1.71, -32.49) | (-69.18, 2.57, -30.00)
Outer_wall_stone.522 | (-70.78, 0.05, -34.99) | (-69.17, 0.88, -32.50)
Outer_wall_stone.523 | (-70.80, 0.88, -34.99) | (-69.18, 1.71, -32.50)
Outer_wall_stone.524 | (-70.82, 1.68, -35.00) | (-69.17, 2.52, -32.49)
Outer_wall_stone.525 | (-70.82, -0.03, -37.50) | (-69.17, 0.82, -34.99)
Outer_wall_stone.526 | (-70.82, 0.93, -37.49) | (-69.19, 1.75, -35.01)
Outer_wall_stone.527 | (-70.81, 1.68, -37.50) | (-69.21, 2.53, -35.00)
Outer_wall_stone.528 | (-70.82, 0.04, -39.99) | (-69.17, 0.88, -37.49)
Outer_wall_stone.529 | (-70.82, 0.87, -40.00) | (-69.18, 1.70, -37.50)
Outer_wall_stone.530 | (-70.82, 1.74, -39.99) | (-69.17, 2.57, -37.50)
Outer_wall_stone.531 | (-70.81, 0.06, -42.49) | (-69.17, 0.89, -40.01)
Outer_wall_stone.532 | (-70.81, 0.83, -42.50) | (-69.18, 1.68, -39.99)
Outer_wall_stone.533 | (-70.82, 1.68, -42.50) | (-69.19, 2.53, -40.01)
Outer_wall_stone.534 | (-70.83, -0.02, -44.98) | (-69.17, 0.79, -42.52)
Outer_wall_stone.535 | (-70.83, 0.87, -45.00) | (-69.18, 1.73, -42.50)
Outer_wall_stone.536 | (-70.81, 1.72, -44.99) | (-69.20, 2.57, -42.50)
Outer_wall_stone.537 | (-70.81, -0.02, -47.49) | (-69.19, 0.83, -45.00)
Outer_wall_stone.538 | (-70.82, 0.84, -47.49) | (-69.21, 1.66, -45.00)
Outer_wall_stone.539 | (-70.82, 1.73, -47.50) | (-69.18, 2.58, -45.00)
Outer_wall_stone.540 | (-70.81, -0.03, -50.01) | (-69.17, 0.81, -47.53)
Outer_wall_stone.541 | (-70.83, 0.83, -49.96) | (-69.18, 1.67, -47.51)
Outer_wall_stone.542 | (-70.81, 1.71, -50.00) | (-69.19, 2.55, -47.50)
Outer_wall_stone.543 | (-70.80, -0.01, -52.50) | (-69.18, 0.84, -50.01)
Outer_wall_stone.544 | (-70.83, 0.82, -52.50) | (-69.20, 1.64, -50.00)
Outer_wall_stone.545 | (-70.82, 1.69, -52.49) | (-69.21, 2.53, -50.01)
Outer_wall_stone.546 | (-70.80, 0.01, -55.00) | (-69.17, 0.85, -52.50)
Outer_wall_stone.547 | (-70.83, 0.84, -55.00) | (-69.19, 1.67, -52.51)
Outer_wall_stone.548 | (-70.83, 1.65, -54.99) | (-69.18, 2.48, -52.50)
Outer_wall_stone.549 | (-70.81, -0.04, -57.50) | (-69.20, 0.81, -54.99)
Outer_wall_stone.550 | (-70.80, 0.87, -57.50) | (-69.19, 1.71, -55.01)
Outer_wall_stone.551 | (-70.81, 1.68, -57.48) | (-69.18, 2.53, -54.99)
PYRAMID_EXPOSED_ROUGH_BRICKS | (-68.28, -0.05, -72.28) | (68.28, 46.04, 72.28)
PYRAMID_FILLED_TERRACES | (-67.98, 0.00, -71.98) | (67.98, 46.00, 71.98)
RAILS_REBUILT_B_NE_T5 | (-60.63, 2.01, -22.88) | (-43.26, 14.02, -2.37)
RAILS_REBUILT_B_NW_T6 | (43.26, 2.01, -22.88) | (60.63, 14.02, -2.37)
RAILS_REBUILT_B_SE_T5 | (-60.63, 2.02, 2.37) | (-43.26, 14.02, 22.88)
RAILS_REBUILT_B_SW_T6 | (43.26, 2.02, 2.37) | (60.63, 14.02, 22.88)
RAILS_REBUILT_ENTRY_NE_T1 | (-76.00, 0.01, -76.00) | (-65.00, 2.48, -65.00)
RAILS_REBUILT_ENTRY_NW_T4 | (65.00, 0.01, -76.00) | (76.00, 2.48, -65.00)
RAILS_REBUILT_ENTRY_SE_T2 | (-76.00, 0.02, 65.00) | (-65.00, 2.49, 76.00)
RAILS_REBUILT_ENTRY_SW_T3 | (65.00, 0.02, 65.00) | (76.00, 2.49, 76.00)
RAILS_REBUILT_L3_NE_T8 | (-22.70, 26.01, -42.27) | (-4.55, 38.01, -25.72)
RAILS_REBUILT_L3_NW_T8 | (4.55, 26.01, -42.27) | (22.70, 38.01, -25.72)
RAILS_REBUILT_L3_SE_T7 | (-22.70, 26.02, 25.72) | (-4.55, 38.02, 42.27)
RAILS_REBUILT_L3_SW_T7 | (4.55, 26.02, 25.72) | (22.70, 38.02, 42.27)
RAILS_REBUILT_T1_B_NE | (-67.03, 2.01, -59.80) | (-56.97, 2.59, -28.20)
RAILS_REBUILT_T2_B_SE | (-67.03, 2.02, 28.20) | (-56.97, 2.60, 59.80)
RAILS_REBUILT_T3_B_SW | (56.97, 2.02, 28.20) | (67.03, 2.60, 59.80)
RAILS_REBUILT_T4_B_NW | (56.97, 2.01, -59.80) | (67.03, 2.59, -28.20)
RAILS_REBUILT_T5_L3_NE | (-42.74, 14.02, -20.38) | (-27.14, 26.02, -2.37)
RAILS_REBUILT_T5_L3_SE | (-42.74, 14.02, 2.37) | (-27.14, 26.02, 20.38)
RAILS_REBUILT_T6_L3_NW | (27.14, 14.02, -20.38) | (42.74, 26.02, -2.37)
RAILS_REBUILT_T6_L3_SW | (27.14, 14.02, 2.37) | (42.74, 26.02, 20.38)
RAILS_REBUILT_T7_CORE | (-3.50, 38.02, 9.85) | (3.50, 54.02, 36.40)
RAILS_REBUILT_T8_CORE | (-3.50, 38.01, -36.40) | (3.50, 54.01, -9.85)
STAIR_FITTED_B_NE_T5 | (-60.22, 0.00, -22.59) | (-43.66, 13.98, -2.66)
STAIR_FITTED_B_NW_T6 | (43.66, 0.00, -22.59) | (60.22, 13.98, -2.66)
STAIR_FITTED_B_SE_T5 | (-60.22, 0.00, 2.66) | (-43.66, 13.98, 22.59)
STAIR_FITTED_B_SW_T6 | (43.66, 0.00, 2.66) | (60.22, 13.98, 22.59)
STAIR_FITTED_ENTRY_NE_T1 | (-75.64, 0.00, -75.64) | (-65.36, 1.97, -65.36)
STAIR_FITTED_ENTRY_NW_T4 | (65.36, 0.00, -75.64) | (75.64, 1.97, -65.36)
STAIR_FITTED_ENTRY_SE_T2 | (-75.64, 0.00, 65.36) | (-65.36, 1.98, 75.64)
STAIR_FITTED_ENTRY_SW_T3 | (65.36, 0.00, 65.36) | (75.64, 1.98, 75.64)
STAIR_FITTED_L3_NE_T8 | (-22.39, 0.00, -41.88) | (-4.86, 37.97, -26.11)
STAIR_FITTED_L3_NW_T8 | (4.86, 0.00, -41.88) | (22.39, 37.97, -26.11)
STAIR_FITTED_L3_SE_T7 | (-22.39, 0.00, 26.11) | (-4.86, 37.98, 41.88)
STAIR_FITTED_L3_SW_T7 | (4.86, 0.00, 26.11) | (22.39, 37.98, 41.88)
STAIR_FITTED_T1_B_NE | (-66.53, 0.00, -59.75) | (-57.47, 1.97, -28.25)
STAIR_FITTED_T2_B_SE | (-66.53, 0.00, 28.25) | (-57.47, 1.98, 59.75)
STAIR_FITTED_T3_B_SW | (57.47, 0.00, 28.25) | (66.53, 1.98, 59.75)
STAIR_FITTED_T4_B_NW | (57.47, 0.00, -59.75) | (66.53, 1.97, -28.25)
STAIR_FITTED_T5_L3_NE | (-42.34, 0.00, -20.09) | (-27.55, 25.98, -2.66)
STAIR_FITTED_T5_L3_SE | (-42.34, 0.00, 2.66) | (-27.55, 25.98, 20.09)
STAIR_FITTED_T6_L3_NW | (27.55, 0.00, -20.09) | (42.34, 25.98, -2.66)
STAIR_FITTED_T6_L3_SW | (27.55, 0.00, 2.66) | (42.34, 25.98, 20.09)
STAIR_FITTED_T7_CORE | (-3.00, 0.00, 9.85) | (3.00, 53.98, 36.40)
STAIR_FITTED_T8_CORE | (-3.00, 0.00, -36.40) | (3.00, 53.97, -9.85)
T1_CLEAN_MOLDINGS | (-69.37, 0.75, -69.37) | (-58.63, 1.72, -58.63)
T1_deck | (-69.00, 2.00, -69.00) | (-59.00, 2.00, -59.00)
T1_masonry | (-69.05, -0.06, -69.05) | (-58.95, 1.89, -58.95)
T1_solid | (-68.95, 0.05, -68.95) | (-59.05, 1.95, -59.05)
T2_CLEAN_MOLDINGS | (-69.37, 0.75, 58.63) | (-58.63, 1.73, 69.37)
T2_deck | (-69.00, 2.00, 59.00) | (-59.00, 2.00, 69.00)
T2_masonry | (-69.05, -0.05, 58.95) | (-58.95, 1.90, 69.05)
T2_solid | (-68.95, 0.05, 59.05) | (-59.05, 1.95, 68.95)
T3_CLEAN_MOLDINGS | (58.63, 0.75, 58.63) | (69.37, 1.73, 69.37)
T3_deck | (59.00, 2.00, 59.00) | (69.00, 2.00, 69.00)
T3_masonry | (58.95, -0.05, 58.95) | (69.05, 1.89, 69.05)
T3_solid | (59.05, 0.05, 59.05) | (68.95, 1.95, 68.95)
T4_CLEAN_MOLDINGS | (58.63, 0.75, -69.37) | (69.37, 1.72, -58.63)
T4_deck | (59.00, 2.00, -69.00) | (69.00, 2.00, -59.00)
T4_masonry | (58.95, -0.05, -69.05) | (69.05, 1.89, -58.95)
T4_solid | (59.05, 0.05, -68.95) | (68.95, 1.95, -59.05)
T5_CAPITAL | (-37.73, 12.83, 5.27) | (-36.48, 13.18, 6.52)
T5_CAPITAL.001 | (-37.63, 12.33, 5.37) | (-36.58, 12.68, 6.42)
T5_CAPITAL.002 | (-37.70, 6.03, 5.30) | (-36.50, 6.38, 6.50)
T5_CAPITAL.003 | (-37.73, 12.83, -6.53) | (-36.48, 13.18, -5.28)
T5_CAPITAL.004 | (-37.63, 12.33, -6.43) | (-36.58, 12.68, -5.38)
T5_CAPITAL.005 | (-37.70, 6.02, -6.50) | (-36.50, 6.37, -5.30)
T5_CAPITAL.007 | (-49.43, 12.33, 5.37) | (-48.38, 12.68, 5.42)
T5_CAPITAL.008 | (-49.50, 6.03, 5.30) | (-48.30, 6.38, 6.50)
T5_CAPITAL.010 | (-49.43, 12.33, -5.42) | (-48.38, 12.68, -5.38)
T5_CAPITAL.011 | (-49.50, 6.02, -6.50) | (-48.30, 6.37, -5.30)
T5_CLEAN_MOLDINGS | (-49.62, 12.75, -2.08) | (-36.38, 13.73, 2.08)
T5_deck | (-49.25, 14.00, -6.25) | (-36.75, 14.00, 6.25)
T5_DOOR_JAMB | (-36.73, 5.90, 1.62) | (-36.27, 10.70, 2.17)
T5_DOOR_JAMB.001 | (-36.73, 5.90, -2.18) | (-36.27, 10.70, -1.63)
T5_DOOR_JAMB.002 | (-49.73, 5.90, 1.62) | (-49.27, 10.70, 2.17)
T5_DOOR_JAMB.003 | (-49.73, 5.90, -2.18) | (-49.27, 10.70, -1.63)
T5_LINTEL | (-36.78, 10.53, -2.25) | (-36.13, 11.18, 2.25)
T5_LINTEL.001 | (-49.88, 10.53, -2.25) | (-49.22, 11.18, 2.25)
T5_masonry | (-49.30, -0.06, -6.30) | (-36.70, 13.87, 6.30)
T5_PILASTER | (-37.53, 5.70, 5.47) | (-36.68, 13.70, 6.32)
T5_PILASTER.001 | (-37.53, 5.70, -6.33) | (-36.68, 13.70, -5.48)
T5_PILASTER.002 | (-49.33, 5.70, 5.47) | (-48.48, 12.62, 6.32)
T5_PILASTER.003 | (-49.33, 5.70, -6.33) | (-48.48, 12.62, -5.48)
T5_RECESSED_SHRINE | (-36.71, 6.20, -1.70) | (-36.55, 10.40, 1.70)
T5_RECESSED_SHRINE.001 | (-49.45, 6.20, -1.70) | (-49.29, 10.40, 1.70)
T5_SHRINE_CROWN | (-36.78, 11.19, -2.25) | (-36.18, 11.41, 2.25)
T5_SHRINE_CROWN.001 | (-36.78, 11.43, -1.93) | (-36.18, 11.65, 1.92)
T5_SHRINE_CROWN.002 | (-36.78, 11.67, -1.60) | (-36.18, 11.89, 1.60)
T5_SHRINE_CROWN.003 | (-49.82, 11.19, -2.25) | (-49.22, 11.41, 2.25)
T5_SHRINE_CROWN.004 | (-49.82, 11.43, -1.93) | (-49.22, 11.65, 1.92)
T5_SHRINE_CROWN.005 | (-49.82, 11.67, -1.60) | (-49.22, 11.89, 1.60)
T5_solid | (-49.20, 0.05, -6.20) | (-36.80, 13.95, 6.20)
T6_CAPITAL.001 | (48.38, 12.33, 5.37) | (49.43, 12.68, 5.42)
T6_CAPITAL.002 | (48.30, 6.03, 5.30) | (49.50, 6.38, 6.50)
T6_CAPITAL.004 | (48.38, 12.33, -5.42) | (49.43, 12.68, -5.38)
T6_CAPITAL.005 | (48.30, 6.02, -6.50) | (49.50, 6.37, -5.30)
T6_CAPITAL.006 | (36.48, 12.83, 5.27) | (37.73, 13.18, 6.52)
T6_CAPITAL.007 | (36.58, 12.33, 5.37) | (37.63, 12.68, 6.42)
T6_CAPITAL.008 | (36.50, 6.03, 5.30) | (37.70, 6.38, 6.50)
T6_CAPITAL.009 | (36.48, 12.83, -6.53) | (37.73, 13.18, -5.28)
T6_CAPITAL.010 | (36.58, 12.33, -6.43) | (37.63, 12.68, -5.38)
T6_CAPITAL.011 | (36.50, 6.02, -6.50) | (37.70, 6.37, -5.30)
T6_CLEAN_MOLDINGS | (36.38, 12.75, -2.08) | (49.62, 13.73, 2.08)
T6_deck | (36.75, 14.00, -6.25) | (49.25, 14.00, 6.25)
T6_DOOR_JAMB | (49.27, 5.90, 1.62) | (49.73, 10.70, 2.17)
T6_DOOR_JAMB.001 | (49.27, 5.90, -2.18) | (49.73, 10.70, -1.63)
T6_DOOR_JAMB.002 | (36.27, 5.90, 1.62) | (36.73, 10.70, 2.17)
T6_DOOR_JAMB.003 | (36.27, 5.90, -2.18) | (36.73, 10.70, -1.63)
T6_LINTEL | (49.22, 10.53, -2.25) | (49.88, 11.18, 2.25)
T6_LINTEL.001 | (36.13, 10.53, -2.25) | (36.78, 11.18, 2.25)
T6_masonry | (36.70, -0.06, -6.30) | (49.30, 13.89, 6.30)
T6_PILASTER | (48.48, 5.70, 5.47) | (49.33, 12.62, 6.32)
T6_PILASTER.001 | (48.48, 5.70, -6.33) | (49.33, 12.62, -5.48)
T6_PILASTER.002 | (36.68, 5.70, 5.47) | (37.53, 13.70, 6.32)
T6_PILASTER.003 | (36.68, 5.70, -6.33) | (37.53, 13.70, -5.48)
T6_RECESSED_SHRINE | (49.29, 6.20, -1.70) | (49.45, 10.40, 1.70)
T6_RECESSED_SHRINE.001 | (36.55, 6.20, -1.70) | (36.71, 10.40, 1.70)
T6_SHRINE_CROWN | (49.22, 11.19, -2.25) | (49.82, 11.41, 2.25)
T6_SHRINE_CROWN.001 | (49.22, 11.43, -1.93) | (49.82, 11.65, 1.92)
T6_SHRINE_CROWN.002 | (49.22, 11.67, -1.60) | (49.82, 11.89, 1.60)
T6_SHRINE_CROWN.003 | (36.18, 11.19, -2.25) | (36.78, 11.41, 2.25)
T6_SHRINE_CROWN.004 | (36.18, 11.43, -1.93) | (36.78, 11.65, 1.92)
T6_SHRINE_CROWN.005 | (36.18, 11.67, -1.60) | (36.78, 11.89, 1.60)
T6_solid | (36.80, 0.05, -6.20) | (49.20, 13.95, 6.20)
T7_CAPITAL | (7.78, 36.83, 52.78) | (9.03, 37.18, 54.03)
T7_CAPITAL.001 | (7.88, 36.33, 52.87) | (8.92, 36.68, 53.92)
T7_CAPITAL.002 | (7.80, 30.03, 52.80) | (9.00, 30.38, 54.00)
T7_CAPITAL.004 | (7.88, 36.33, 37.11) | (7.89, 36.33, 37.13)
T7_CAPITAL.005 | (7.80, 30.03, 36.00) | (9.00, 30.38, 37.20)
T7_CAPITAL.006 | (-9.03, 36.83, 52.78) | (-7.78, 37.18, 54.03)
T7_CAPITAL.007 | (-8.92, 36.33, 52.87) | (-7.88, 36.68, 53.92)
T7_CAPITAL.008 | (-9.00, 30.03, 52.80) | (-7.80, 30.38, 54.00)
T7_CAPITAL.010 | (-7.89, 36.33, 37.11) | (-7.88, 36.33, 37.13)
T7_CAPITAL.011 | (-9.00, 30.03, 36.00) | (-7.80, 30.38, 37.20)
T7_CLEAN_MOLDINGS | (-9.12, 36.75, 35.88) | (9.12, 37.73, 54.12)
T7_deck | (-8.75, 38.00, 36.25) | (8.75, 38.00, 53.75)
T7_DOOR_JAMB | (8.77, 29.90, 46.62) | (9.23, 34.70, 47.17)
T7_DOOR_JAMB.001 | (8.77, 29.90, 42.82) | (9.23, 34.70, 43.37)
T7_DOOR_JAMB.002 | (-9.23, 29.90, 46.62) | (-8.77, 34.70, 47.17)
T7_DOOR_JAMB.003 | (-9.23, 29.90, 42.82) | (-8.77, 34.70, 43.37)
T7_LINTEL | (8.72, 34.53, 42.75) | (9.37, 35.18, 47.25)
T7_LINTEL.001 | (-9.37, 34.53, 42.75) | (-8.72, 35.18, 47.25)
T7_masonry | (-8.80, -0.06, 36.20) | (8.80, 37.88, 53.80)
T7_PILASTER | (7.97, 29.70, 52.97) | (8.83, 37.70, 53.82)
T7_PILASTER.001 | (7.97, 29.70, 36.17) | (8.83, 36.24, 37.03)
T7_PILASTER.002 | (-8.83, 29.70, 52.97) | (-7.97, 37.70, 53.82)
T7_PILASTER.003 | (-8.83, 29.70, 36.17) | (-7.97, 36.24, 37.03)
T7_RECESSED_SHRINE | (8.79, 30.20, 43.30) | (8.95, 34.40, 46.70)
T7_RECESSED_SHRINE.001 | (-8.95, 30.20, 43.30) | (-8.79, 34.40, 46.70)
T7_SHRINE_CROWN | (8.72, 35.19, 42.75) | (9.32, 35.41, 47.25)
T7_SHRINE_CROWN.001 | (8.72, 35.43, 43.07) | (9.32, 35.65, 46.92)
T7_SHRINE_CROWN.002 | (8.72, 35.67, 43.40) | (9.32, 35.89, 46.60)
T7_SHRINE_CROWN.003 | (-9.32, 35.19, 42.75) | (-8.72, 35.41, 47.25)
T7_SHRINE_CROWN.004 | (-9.32, 35.43, 43.07) | (-8.72, 35.65, 46.92)
T7_SHRINE_CROWN.005 | (-9.32, 35.67, 43.40) | (-8.72, 35.89, 46.60)
T7_solid | (-8.70, 0.05, 36.30) | (8.70, 37.95, 53.70)
T8_CAPITAL.001 | (7.88, 36.32, -37.13) | (7.89, 36.33, -37.11)
T8_CAPITAL.002 | (7.80, 30.02, -37.20) | (9.00, 30.37, -36.00)
T8_CAPITAL.003 | (7.78, 36.82, -54.03) | (9.03, 37.17, -52.78)
T8_CAPITAL.004 | (7.88, 36.32, -53.93) | (8.92, 36.67, -52.88)
T8_CAPITAL.005 | (7.80, 30.02, -54.00) | (9.00, 30.37, -52.80)
T8_CAPITAL.007 | (-7.89, 36.32, -37.13) | (-7.88, 36.33, -37.11)
T8_CAPITAL.008 | (-9.00, 30.02, -37.20) | (-7.80, 30.37, -36.00)
T8_CAPITAL.009 | (-9.03, 36.82, -54.03) | (-7.78, 37.17, -52.78)
T8_CAPITAL.010 | (-8.92, 36.32, -53.93) | (-7.88, 36.67, -52.88)
T8_CAPITAL.011 | (-9.00, 30.02, -54.00) | (-7.80, 30.37, -52.80)
T8_CLEAN_MOLDINGS | (-9.12, 36.75, -54.12) | (9.12, 37.72, -35.88)
T8_deck | (-8.75, 38.00, -53.75) | (8.75, 38.00, -36.25)
T8_DOOR_JAMB | (8.77, 29.90, -43.38) | (9.23, 34.70, -42.83)
T8_DOOR_JAMB.001 | (8.77, 29.90, -47.18) | (9.23, 34.70, -46.63)
T8_DOOR_JAMB.002 | (-9.23, 29.90, -43.38) | (-8.77, 34.70, -42.83)
T8_DOOR_JAMB.003 | (-9.23, 29.90, -47.18) | (-8.77, 34.70, -46.63)
T8_LINTEL | (8.72, 34.52, -47.25) | (9.37, 35.18, -42.75)
T8_LINTEL.001 | (-9.37, 34.52, -47.25) | (-8.72, 35.18, -42.75)
T8_masonry | (-8.80, -0.05, -53.80) | (8.80, 37.90, -36.20)
T8_PILASTER | (7.97, 29.70, -37.03) | (8.83, 36.24, -36.18)
T8_PILASTER.001 | (7.97, 29.70, -53.83) | (8.83, 37.70, -52.98)
T8_PILASTER.002 | (-8.83, 29.70, -37.03) | (-7.97, 36.24, -36.18)
T8_PILASTER.003 | (-8.83, 29.70, -53.83) | (-7.97, 37.70, -52.98)
T8_RECESSED_SHRINE | (8.79, 30.20, -46.70) | (8.95, 34.40, -43.30)
T8_RECESSED_SHRINE.001 | (-8.95, 30.20, -46.70) | (-8.79, 34.40, -43.30)
T8_SHRINE_CROWN | (8.72, 35.19, -47.25) | (9.32, 35.41, -42.75)
T8_SHRINE_CROWN.001 | (8.72, 35.43, -46.93) | (9.32, 35.65, -43.08)
T8_SHRINE_CROWN.002 | (8.72, 35.67, -46.60) | (9.32, 35.89, -43.40)
T8_SHRINE_CROWN.003 | (-9.32, 35.19, -47.25) | (-8.72, 35.41, -42.75)
T8_SHRINE_CROWN.004 | (-9.32, 35.43, -46.93) | (-8.72, 35.65, -43.08)
T8_SHRINE_CROWN.005 | (-9.32, 35.67, -46.60) | (-8.72, 35.89, -43.40)
T8_solid | (-8.70, 0.05, -53.70) | (8.70, 37.95, -36.30)
TREADS_FLUSH_B_NE_T5 | (-60.18, 2.22, -22.53) | (-43.71, 14.00, -2.72)
TREADS_FLUSH_B_NW_T6 | (43.71, 2.22, -22.53) | (60.18, 14.00, -2.72)
TREADS_FLUSH_B_SE_T5 | (-60.18, 2.23, 2.72) | (-43.71, 14.00, 22.53)
TREADS_FLUSH_B_SW_T6 | (43.71, 2.23, 2.72) | (60.18, 14.00, 22.53)
TREADS_FLUSH_ENTRY_NE_T1 | (-75.51, 0.22, -75.51) | (-65.49, 2.00, -65.49)
TREADS_FLUSH_ENTRY_NW_T4 | (65.49, 0.22, -75.51) | (75.51, 2.00, -65.49)
TREADS_FLUSH_ENTRY_SE_T2 | (-75.51, 0.23, 65.49) | (-65.49, 2.00, 75.51)
TREADS_FLUSH_ENTRY_SW_T3 | (65.49, 0.23, 65.49) | (75.51, 2.00, 75.51)
TREADS_FLUSH_L3_NE_T8 | (-22.34, 26.22, -41.84) | (-4.91, 38.00, -26.15)
TREADS_FLUSH_L3_NW_T8 | (4.91, 26.22, -41.84) | (22.34, 38.00, -26.15)
TREADS_FLUSH_L3_SE_T7 | (-22.34, 26.23, 26.15) | (-4.91, 38.00, 41.84)
TREADS_FLUSH_L3_SW_T7 | (4.91, 26.23, 26.15) | (22.34, 38.00, 41.84)
TREADS_FLUSH_T1_B_NE | (-66.46, 1.97, -59.13) | (-57.54, 2.00, -28.87)
TREADS_FLUSH_T2_B_SE | (-66.46, 1.98, 28.87) | (-57.54, 2.00, 59.13)
TREADS_FLUSH_T3_B_SW | (57.54, 1.98, 28.87) | (66.46, 2.00, 59.13)
TREADS_FLUSH_T4_B_NW | (57.54, 1.97, -59.13) | (66.46, 2.00, -28.87)
TREADS_FLUSH_T5_L3_NE | (-42.30, 14.23, -20.04) | (-27.59, 26.00, -2.71)
TREADS_FLUSH_T5_L3_SE | (-42.30, 14.23, 2.71) | (-27.59, 26.00, 20.04)
TREADS_FLUSH_T6_L3_NW | (27.59, 14.23, -20.04) | (42.30, 26.00, -2.71)
TREADS_FLUSH_T6_L3_SW | (27.59, 14.23, 2.71) | (42.30, 26.00, 20.04)
TREADS_FLUSH_T7_CORE | (-2.99, 38.22, 9.91) | (2.99, 54.00, 36.34)
TREADS_FLUSH_T8_CORE | (-2.99, 38.22, -36.34) | (2.99, 54.00, -9.91)
Wall_coping | (-57.50, 2.55, 69.05) | (57.50, 2.75, 70.95)
Wall_coping.001 | (-57.50, 2.55, -70.95) | (57.50, 2.75, -69.05)
Wall_coping.002 | (69.05, 2.55, -57.50) | (70.95, 2.75, 57.50)
Wall_coping.003 | (-70.95, 2.55, -57.50) | (-69.05, 2.75, 57.50)
